48.218,	0.071
48.953,	0.028
49.265,	0.011
50.984,	0.091
50.984,	0.001
51,	0.004
51.375,	0.15
51.906,	0.031
52.437,	0.097
53,	0.054
54.093,	0.021
54.625,	0.07
55.156,	0.067
55.718,	0.021
56.843,	0.111
57.359,	0.097
58.468,	0.134
59,	0.018
59.562,	0.037
60.078,	0.11
60.609,	0.028
61.109,	0.054
61.656,	0.08
62.234,	0.054
62.75,	0.034
63.265,	0.027
63.796,	0.05
64.343,	0.051
65.406,	0.091
65.906,	0.058
66.468,	0.044
67.515,	0.031
68.046,	0.021
69.109,	0.024
69.64,	0.031
70.703,	0.004
71.25,	0.117
71.812,	0.021
72.343,	0.021
72.906,	0.011
73.421,	0.08
74.453,	0.077
75.015,	0.03
75.562,	0.047
76.14,	0.09
76.703,	0.067
77.25,	0.014
77.812,	0.08
78.906,	0.053
79.437,	0.12
82.046,	0.004
82.625,	0.106
83.14,	0.01
83.656,	0.076
84.203,	0.004
85.265,	0.071
85.796,	0.044
86.937,	0.008
87.484,	0.113
88.046,	0.113
88.546,	0.004
89.093,	0.007
89.656,	0.107
90.187,	0.044
92.312,	0.054
92.843,	0.014
94.484,	0.123
95.578,	0.03
96.093,	0.103
96.64,	0.116
97.203,	0.083
97.75,	0.083
98.296,	0.027
98.828,	0.08
99.359,	0.103
99.89,	0.063
100.453,	0.09
100.984,	0.113
101.531,	0.11
102.093,	0.057
102.625,	0.091
103.14,	0.011
103.687,	0.004
104.234,	0.035
104.75,	0.091
105.296,	0.025
105.859,	0.081
106.984,	0.075
107.531,	0.052
108.078,	0.088
108.609,	0.111
109.14,	0.072
109.656,	0.161
110.187,	0.059
110.718,	0.138
111.234,	0.145
111.796,	0.155
112.328,	0.062
112.843,	0.091
113.39,	0.095
113.937,	0.154
114.453,	0.141
114.984,	0.078
115.546,	0.124
116.078,	0.097
116.625,	0.071
117.187,	0.104
117.718,	0.087
118.234,	0.154
118.781,	0.114
119.328,	0.183
119.89,	0.143
120.437,	0.14
120.968,	0.1
121.484,	0.141
122,	0.071
122.531,	0.131
123.093,	0.104
123.625,	0.088
124.14,	0.078
124.671,	0.035
125.203,	0.111
125.734,	0.085
126.265,	0.035
126.781,	0.098
127.312,	0.104
127.828,	0.081
128.359,	0.045
128.89,	0.045
129.421,	0.151
129.984,	0.101
130.546,	0.091
131.078,	0.137
131.609,	0.077
132.125,	0.193
132.671,	0.124
133.218,	0.128
133.781,	0.045
134.312,	0.078
134.843,	0.055
135.406,	0.094
135.937,	0.031
136.468,	0.064
137.015,	0.061
137.578,	0.144
138.109,	0.14
138.625,	0.12
139.171,	0.127
139.703,	0.071
140.234,	0.057
140.765,	0.153
141.281,	0.084
141.812,	0.077
142.359,	0.113
142.89,	0.087
143.453,	0.08
143.984,	0.047
144.515,	0.15
145.062,	0.11
145.625,	0.11
146.14,	0.05
146.671,	0.103
147.218,	0.116
147.765,	0.173
148.281,	0.106
148.828,	0.053
149.39,	0.136
149.921,	0.05
150.437,	0.093
151,	0.047
151.515,	0.123
152.062,	0.09
152.609,	0.104
153.14,	0.067
153.671,	0.107
154.203,	0.034
154.765,	0.16
155.328,	0.064
155.859,	0.167
156.375,	0.131
156.921,	0.045
157.453,	0.171
157.984,	0.131
158.515,	0.154
159.015,	0.018
159.515,	0.031
160.046,	0.084
160.562,	0.21
161.109,	0.154
161.625,	0.151
162.171,	0.211
162.734,	0.187
163.296,	0.138
163.812,	0.224
164.343,	0.087
164.875,	0.174
165.406,	0.064
165.953,	0.23
166.5,	0.131
167.062,	0.128
167.64,	0.061
168.203,	0.121
168.75,	0.121
169.296,	0.114
169.859,	0.145
170.421,	0.211
170.953,	0.108
171.468,	0.158
172,	0.088
172.546,	0.152
173.093,	0.099
173.609,	0.112
174.14,	0.092
174.656,	0.132
175.203,	0.112
175.765,	0.052
176.296,	0.055
176.859,	0.025
177.375,	0.115
177.906,	0.151
178.468,	0.125
178.968,	0.098
179.515,	0.128
180.046,	0.171
180.593,	0.151
181.156,	0.078
181.656,	0.085
182.187,	0.118
182.703,	0.081
183.25,	0.154
183.812,	0.124
184.343,	0.145
184.906,	0.174
185.406,	0.201
185.953,	0.168
186.515,	0.158
187.046,	0.112
187.562,	0.181
188.093,	0.224
188.625,	0.075
189.156,	0.032
189.687,	0.217
190.234,	0.148
190.75,	0.164
191.281,	0.114
191.812,	0.234
192.343,	0.118
192.89,	0.21
193.437,	0.207
194,	0.237
194.5,	0.177
195.046,	0.223
195.609,	0.163
196.14,	0.23
196.656,	0.19
197.187,	0.163
197.734,	0.134
198.265,	0.25
198.796,	0.21
199.343,	0.181
199.89,	0.141
200.437,	0.118
201,	0.17
201.515,	0.097
202.046,	0.107
202.593,	0.124
203.125,	0.2
203.656,	0.183
204.203,	0.174
204.765,	0.144
205.343,	0.148
205.89,	0.23
206.437,	0.191
207,	0.184
207.562,	0.254
208.125,	0.161
208.64,	0.254
209.187,	0.214
209.734,	0.207
210.25,	0.151
210.796,	0.197
211.328,	0.257
211.89,	0.094
212.453,	0.167
212.984,	0.203
213.5,	0.21
214.031,	0.104
214.562,	0.177
215.093,	0.177
215.609,	0.177
216.171,	0.226
216.687,	0.13
217.234,	0.167
217.781,	0.183
218.296,	0.247
218.843,	0.22
219.39,	0.253
219.937,	0.164
220.5,	0.151
221.031,	0.144
221.546,	0.124
222.125,	0.26
222.687,	0.2
223.234,	0.27
223.781,	0.194
224.343,	0.227
224.89,	0.237
225.421,	0.204
225.953,	0.234
226.484,	0.313
227.031,	0.266
227.578,	0.227
228.125,	0.303
228.687,	0.207
229.218,	0.359
229.734,	0.214
230.265,	0.191
230.796,	0.24
231.328,	0.29
231.875,	0.293
232.39,	0.263
232.921,	0.243
233.468,	0.174
233.984,	0.303
234.515,	0.3
235.031,	0.257
235.593,	0.25
236.125,	0.163
236.64,	0.153
237.171,	0.316
237.687,	0.147
238.234,	0.259
238.765,	0.17
239.281,	0.157
239.828,	0.163
240.39,	0.259
240.921,	0.154
241.468,	0.19
242.015,	0.276
242.546,	0.247
243.078,	0.157
243.625,	0.21
244.187,	0.193
244.75,	0.22
245.281,	0.173
245.812,	0.11
246.343,	0.177
246.875,	0.26
247.406,	0.138
247.937,	0.134
248.468,	0.171
248.984,	0.174
249.562,	0.117
250.125,	0.14
250.671,	0.24
251.218,	0.319
251.734,	0.22
252.281,	0.253
252.843,	0.249
253.406,	0.203
253.921,	0.23
254.468,	0.236
255.031,	0.22
255.562,	0.296
256.125,	0.17
256.64,	0.12
257.171,	0.163
257.671,	0.246
258.218,	0.189
258.781,	0.285
259.312,	0.342
259.828,	0.289
260.375,	0.179
260.906,	0.252
261.437,	0.239
261.968,	0.282
262.468,	0.262
263.031,	0.302
263.562,	0.189
264.078,	0.346
264.609,	0.309
265.14,	0.293
265.671,	0.22
266.203,	0.342
266.734,	0.389
267.265,	0.356
267.812,	0.303
268.359,	0.287
268.906,	0.31
269.468,	0.343
270,	0.363
270.515,	0.224
271.062,	0.297
271.625,	0.241
272.187,	0.3
272.718,	0.26
273.25,	0.333
273.765,	0.283
274.312,	0.363
274.875,	0.26
275.406,	0.319
275.953,	0.293
276.515,	0.359
277.046,	0.316
277.562,	0.306
278.109,	0.302
278.671,	0.259
279.234,	0.256
279.765,	0.352
280.296,	0.286
280.812,	0.29
281.328,	0.287
281.859,	0.283
282.421,	0.29
282.953,	0.267
283.468,	0.29
284.015,	0.327
284.562,	0.184
285.078,	0.251
285.609,	0.323
286.109,	0.277
286.609,	0.23
287.156,	0.366
287.718,	0.257
288.25,	0.29
288.765,	0.32
289.296,	0.276
289.843,	0.256
290.375,	0.425
290.906,	0.22
291.406,	0.26
291.968,	0.313
292.5,	0.362
293.015,	0.283
293.546,	0.213
294.062,	0.266
294.609,	0.319
295.14,	0.262
295.671,	0.163
296.203,	0.229
296.734,	0.382
297.265,	0.292
297.796,	0.342
298.312,	0.236
298.89,	0.358
299.453,	0.242
300,	0.252
300.562,	0.242
301.109,	0.295
301.656,	0.252
302.187,	0.282
302.718,	0.246
303.25,	0.282
303.781,	0.252
304.312,	0.229
304.843,	0.415
305.359,	0.299
305.89,	0.328
306.421,	0.196
306.953,	0.245
307.484,	0.308
308.031,	0.229
308.546,	0.222
309.093,	0.282
309.656,	0.246
310.187,	0.25
310.75,	0.415
311.265,	0.206
311.796,	0.293
312.296,	0.349
312.843,	0.276
313.406,	0.309
313.937,	0.229
314.468,	0.279
315,	0.375
315.531,	0.233
316.062,	0.382
316.593,	0.266
317.125,	0.186
317.656,	0.299
318.187,	0.253
318.703,	0.25
319.281,	0.23
319.843,	0.266
320.39,	0.339
320.953,	0.237
321.515,	0.383
322.046,	0.323
322.578,	0.267
323.093,	0.307
323.593,	0.276
324.14,	0.23
324.703,	0.349
325.234,	0.392
325.75,	0.316
326.328,	0.197
326.89,	0.383
327.437,	0.293
328,	0.317
328.562,	0.363
329.093,	0.31
329.625,	0.329
330.14,	0.346
330.687,	0.197
331.25,	0.293
331.781,	0.306
332.328,	0.356
332.89,	0.429
333.421,	0.247
333.937,	0.26
334.484,	0.25
335.046,	0.264
335.609,	0.271
336.14,	0.324
336.671,	0.377
337.187,	0.36
337.703,	0.225
338.234,	0.35
338.734,	0.284
339.265,	0.317
339.796,	0.35
340.343,	0.331
340.906,	0.383
341.437,	0.313
341.953,	0.347
342.515,	0.347
343.031,	0.287
343.578,	0.294
344.14,	0.327
344.687,	0.314
345.234,	0.344
345.75,	0.214
346.281,	0.297
346.843,	0.29
347.375,	0.32
347.89,	0.277
348.421,	0.297
348.953,	0.313
349.484,	0.293
350.015,	0.296
350.531,	0.415
351.078,	0.246
351.64,	0.313
352.171,	0.299
352.718,	0.249
353.281,	0.339
353.812,	0.356
354.328,	0.332
354.875,	0.246
355.437,	0.312
356,	0.292
356.531,	0.385
357.062,	0.306
357.609,	0.342
358.125,	0.332
358.671,	0.362
359.218,	0.365
359.734,	0.362
360.281,	0.299
360.828,	0.409
361.375,	0.319
361.937,	0.369
362.468,	0.402
362.984,	0.468
363.562,	0.375
364.125,	0.395
364.671,	0.392
365.218,	0.362
365.781,	0.362
366.328,	0.362
366.859,	0.319
367.39,	0.355
367.921,	0.382
368.421,	0.375
368.921,	0.339
369.468,	0.369
370.031,	0.323
370.562,	0.399
371.078,	0.469
371.625,	0.353
372.156,	0.254
372.671,	0.337
373.218,	0.234
373.781,	0.376
374.312,	0.363
374.859,	0.353
375.421,	0.473
375.953,	0.367
376.468,	0.327
377.015,	0.397
377.562,	0.393
378.078,	0.377
378.625,	0.337
379.218,	0.307
379.765,	0.344
380.328,	0.294
380.859,	0.321
381.406,	0.337
381.937,	0.374
382.468,	0.304
382.984,	0.374
383.515,	0.32
384.015,	0.337
384.562,	0.499
385.125,	0.433
385.656,	0.426
386.171,	0.34
386.718,	0.475
387.25,	0.429
387.781,	0.376
388.312,	0.399
388.859,	0.386
389.406,	0.383
389.953,	0.41
390.515,	0.413
391.046,	0.482
391.562,	0.453
392.109,	0.41
392.64,	0.433
393.171,	0.463
393.718,	0.37
394.281,	0.45
394.843,	0.396
395.359,	0.416
395.89,	0.393
396.421,	0.416
396.953,	0.452
397.5,	0.376
398.031,	0.409
398.562,	0.478
399.093,	0.472
399.656,	0.416
400.218,	0.409
400.796,	0.491
401.359,	0.435
401.906,	0.425
402.468,	0.342
403.015,	0.395
403.562,	0.375
404.109,	0.408
404.625,	0.428
405.156,	0.425
405.656,	0.425
406.156,	0.408
406.703,	0.368
407.265,	0.491
407.796,	0.478
408.312,	0.478
408.859,	0.448
409.39,	0.412
409.921,	0.445
410.453,	0.472
410.953,	0.485
411.453,	0.439
412,	0.452
412.562,	0.485
413.093,	0.432
413.609,	0.372
414.156,	0.435
414.687,	0.398
415.218,	0.441
415.75,	0.491
416.25,	0.369
416.812,	0.349
417.343,	0.441
417.859,	0.471
418.39,	0.428
418.937,	0.382
419.5,	0.441
420,	0.421
420.531,	0.365
421.046,	0.441
421.578,	0.484
422.078,	0.425
422.64,	0.461
423.187,	0.357
423.734,	0.417
424.296,	0.404
424.859,	0.331
425.359,	0.334
425.906,	0.457
426.437,	0.48
426.968,	0.384
427.5,	0.394
428.031,	0.48
428.562,	0.407
429.093,	0.348
429.625,	0.407
430.156,	0.421
430.687,	0.344
431.203,	0.368
431.781,	0.427
432.343,	0.334
432.89,	0.407
433.453,	0.417
434.015,	0.338
434.546,	0.401
435.078,	0.407
435.609,	0.351
436.14,	0.374
436.671,	0.407
437.203,	0.368
437.734,	0.484
438.25,	0.487
438.781,	0.378
439.328,	0.354
439.89,	0.315
440.39,	0.262
440.921,	0.318
441.437,	0.318
441.984,	0.384
442.531,	0.394
443.046,	0.325
443.593,	0.381
444.125,	0.328
444.687,	0.348
445.187,	0.451
445.734,	0.427
446.296,	0.411
446.828,	0.447
447.359,	0.457
447.89,	0.318
448.421,	0.388
448.937,	0.37
449.437,	0.387
449.984,	0.407
450.546,	0.344
451.078,	0.463
451.593,	0.384
452.171,	0.42
452.734,	0.447
453.281,	0.424
453.843,	0.523
454.406,	0.4
454.937,	0.391
455.468,	0.394
456.015,	0.371
456.531,	0.318
457.078,	0.371
457.64,	0.381
458.187,	0.308
458.734,	0.424
459.25,	0.381
459.781,	0.421
460.281,	0.45
460.828,	0.47
461.39,	0.348
461.968,	0.328
462.531,	0.414
463.078,	0.308
463.64,	0.265
464.187,	0.441
464.734,	0.295
465.281,	0.301
465.796,	0.298
466.328,	0.374
466.89,	0.414
467.421,	0.338
467.968,	0.407
468.515,	0.371
469.062,	0.372
469.625,	0.362
470.187,	0.369
470.718,	0.365
471.234,	0.392
471.781,	0.378
472.312,	0.388
472.843,	0.348
473.375,	0.322
473.875,	0.322
474.375,	0.365
474.921,	0.428
475.484,	0.398
476.062,	0.332
476.625,	0.342
477.171,	0.448
477.703,	0.332
478.234,	0.398
478.765,	0.305
479.281,	0.365
479.812,	0.322
480.343,	0.335
480.875,	0.275
481.375,	0.322
481.921,	0.342
482.421,	0.242
482.968,	0.345
483.531,	0.309
484.062,	0.399
484.593,	0.22
485.125,	0.279
485.656,	0.286
486.187,	0.451
486.718,	0.382
487.218,	0.339
487.781,	0.365
488.312,	0.392
488.828,	0.329
489.359,	0.388
489.89,	0.392
490.421,	0.335
490.953,	0.339
491.468,	0.365
492,	0.362
492.515,	0.313
493.062,	0.326
493.609,	0.455
494.125,	0.409
494.656,	0.37
495.203,	0.383
495.765,	0.38
496.265,	0.33
496.796,	0.277
497.312,	0.329
497.859,	0.373
498.406,	0.336
498.921,	0.399
499.468,	0.31
500.015,	0.31
500.562,	0.403
501.125,	0.343
501.656,	0.343
502.171,	0.459
502.703,	0.4
503.234,	0.359
503.765,	0.296
504.296,	0.283
504.859,	0.416
505.406,	0.363
505.953,	0.339
506.515,	0.405
507.078,	0.405
507.64,	0.303
508.156,	0.366
508.703,	0.429
509.25,	0.313
509.781,	0.466
510.312,	0.293
510.843,	0.32
511.359,	0.396
511.906,	0.386
512.453,	0.362
513.015,	0.346
513.546,	0.392
514.093,	0.366
514.625,	0.312
515.156,	0.389
515.656,	0.326
516.218,	0.349
516.75,	0.276
517.265,	0.422
517.796,	0.339
518.312,	0.329
518.859,	0.355
519.39,	0.332
519.921,	0.359
520.453,	0.256
521.015,	0.276
521.546,	0.392
522.093,	0.309
522.64,	0.411
523.156,	0.375
523.703,	0.382
524.25,	0.355
524.796,	0.408
525.375,	0.362
525.906,	0.286
526.437,	0.342
526.968,	0.313
527.5,	0.356
528.046,	0.382
528.593,	0.332
529.14,	0.339
529.703,	0.322
530.203,	0.375
530.75,	0.355
531.296,	0.385
531.843,	0.302
532.406,	0.249
532.953,	0.319
533.484,	0.438
534.015,	0.319
534.546,	0.411
535.093,	0.262
535.64,	0.325
536.187,	0.322
536.75,	0.342
537.281,	0.299
537.796,	0.385
538.343,	0.365
538.906,	0.279
539.453,	0.358
540,	0.379
540.531,	0.376
541.062,	0.342
541.593,	0.323
542.125,	0.276
542.656,	0.286
543.187,	0.33
543.703,	0.399
544.281,	0.383
544.843,	0.399
545.375,	0.383
545.89,	0.246
546.421,	0.23
546.984,	0.207
547.515,	0.333
548.031,	0.306
548.578,	0.216
549.109,	0.269
549.671,	0.336
550.203,	0.269
550.703,	0.402
551.203,	0.206
551.75,	0.316
552.281,	0.223
552.796,	0.239
553.343,	0.229
553.875,	0.239
554.406,	0.29
554.937,	0.217
555.468,	0.194
556,	0.359
556.531,	0.174
557.046,	0.227
557.578,	0.247
558.125,	0.204
558.671,	0.264
559.187,	0.254
559.718,	0.257
560.234,	0.287
560.781,	0.234
561.328,	0.181
561.843,	0.261
562.375,	0.317
562.921,	0.27
563.484,	0.204
564.046,	0.323
564.578,	0.217
565.093,	0.277
565.625,	0.263
566.171,	0.22
566.734,	0.333
567.234,	0.256
567.765,	0.21
568.281,	0.227
568.828,	0.303
569.39,	0.293
569.921,	0.249
570.484,	0.21
571,	0.253
571.531,	0.256
572.031,	0.206
572.578,	0.282
573.14,	0.296
573.671,	0.166
574.187,	0.209
574.734,	0.289
575.265,	0.302
575.781,	0.279
576.296,	0.229
576.828,	0.242
577.328,	0.196
577.875,	0.236
578.437,	0.269
578.968,	0.232
579.515,	0.272
580.046,	0.169
580.578,	0.295
581.078,	0.275
581.578,	0.365
582.125,	0.272
582.687,	0.289
583.218,	0.216
583.734,	0.26
584.281,	0.253
584.828,	0.26
585.328,	0.339
585.828,	0.286
586.359,	0.372
586.875,	0.213
587.406,	0.239
587.921,	0.273
588.453,	0.272
588.984,	0.203
589.531,	0.259
590.093,	0.286
590.671,	0.173
591.234,	0.259
591.765,	0.193
592.312,	0.216
592.843,	0.236
593.375,	0.169
593.89,	0.289
594.421,	0.223
594.921,	0.164
595.468,	0.236
596.031,	0.243
596.562,	0.177
597.078,	0.23
597.625,	0.2
598.156,	0.286
598.687,	0.356
599.218,	0.263
599.718,	0.253
600.218,	0.213
600.765,	0.286
601.328,	0.246
601.859,	0.243
602.39,	0.253
602.921,	0.199
603.453,	0.249
603.968,	0.16
604.484,	0.249
605.015,	0.239
605.578,	0.209
606.109,	0.226
606.625,	0.196
607.156,	0.199
607.703,	0.246
608.265,	0.312
608.765,	0.275
609.296,	0.153
609.812,	0.246
610.359,	0.289
610.906,	0.236
611.421,	0.252
611.968,	0.282
612.515,	0.252
613.062,	0.229
613.562,	0.163
614.109,	0.219
614.671,	0.176
615.203,	0.222
615.734,	0.279
616.265,	0.229
616.796,	0.252
617.328,	0.176
617.859,	0.275
618.421,	0.186
618.953,	0.219
619.468,	0.252
620,	0.216
620.546,	0.182
621.109,	0.312
621.656,	0.159
622.203,	0.265
622.718,	0.278
623.25,	0.265
623.765,	0.172
624.312,	0.285
624.843,	0.335
625.375,	0.255
625.937,	0.219
626.468,	0.239
627,	0.179
627.546,	0.169
628.109,	0.179
628.64,	0.288
629.156,	0.202
629.703,	0.189
630.265,	0.235
630.812,	0.176
631.359,	0.167
631.89,	0.153
632.421,	0.18
632.953,	0.206
633.453,	0.19
634.015,	0.173
634.546,	0.219
635.062,	0.269
635.593,	0.213
636.14,	0.133
636.687,	0.17
637.203,	0.223
637.734,	0.196
638.25,	0.166
638.796,	0.113
639.343,	0.176
639.859,	0.236
640.406,	0.216
640.953,	0.143
641.5,	0.212
642.062,	0.226
642.593,	0.183
643.109,	0.159
643.64,	0.153
644.156,	0.169
644.703,	0.193
645.234,	0.136
645.765,	0.176
646.296,	0.179
646.859,	0.179
647.39,	0.136
647.937,	0.169
648.484,	0.17
649.015,	0.203
649.546,	0.223
650.093,	0.203
650.64,	0.203
651.156,	0.207
651.703,	0.144
652.265,	0.2
652.828,	0.141
653.343,	0.184
653.89,	0.114
654.437,	0.154
654.953,	0.2
655.484,	0.193
656.015,	0.164
656.546,	0.187
657.078,	0.16
657.593,	0.203
658.14,	0.183
658.671,	0.259
659.187,	0.216
659.75,	0.213
660.312,	0.236
660.843,	0.19
661.359,	0.176
661.921,	0.13
662.437,	0.246
662.984,	0.163
663.531,	0.206
664.078,	0.252
664.64,	0.136
665.14,	0.209
665.687,	0.097
666.25,	0.064
666.781,	0.111
667.296,	0.237
667.828,	0.233
668.375,	0.197
668.906,	0.184
669.437,	0.164
669.937,	0.144
670.437,	0.111
671,	0.187
671.546,	0.15
672.078,	0.2
672.593,	0.137
673.14,	0.256
673.671,	0.174
674.203,	0.24
674.734,	0.197
675.281,	0.168
675.828,	0.227
676.375,	0.211
676.937,	0.221
677.468,	0.198
677.984,	0.181
678.531,	0.247
679.078,	0.151
679.593,	0.174
680.14,	0.151
680.703,	0.194
681.281,	0.207
681.843,	0.094
682.375,	0.128
682.937,	0.174
683.5,	0.144
684.062,	0.18
684.578,	0.24
685.125,	0.177
685.671,	0.177
686.187,	0.143
686.734,	0.133
687.265,	0.15
687.828,	0.08
688.39,	0.19
688.921,	0.2
689.437,	0.1
689.984,	0.176
690.531,	0.14
691.046,	0.087
691.578,	0.136
692.078,	0.143
692.578,	0.179
693.125,	0.09
693.687,	0.193
694.218,	0.15
694.734,	0.183
695.265,	0.166
695.812,	0.212
696.343,	0.083
696.875,	0.219
697.375,	0.169
697.937,	0.179
698.468,	0.212
698.984,	0.219
699.515,	0.209
700.046,	0.143
700.562,	0.093
701.109,	0.219
701.64,	0.159
702.171,	0.023
702.718,	0.245
703.265,	0.199
703.812,	0.192
704.359,	0.149
704.89,	0.192
705.421,	0.16
705.968,	0.226
706.531,	0.17
707.093,	0.19
707.625,	0.064
708.156,	0.226
708.687,	0.193
709.218,	0.21
709.75,	0.19
710.281,	0.239
710.812,	0.12
711.328,	0.154
711.859,	0.2
712.406,	0.187
712.937,	0.104
713.468,	0.124
713.968,	0.197
714.468,	0.124
715,	0.21
715.515,	0.077
716.062,	0.124
716.625,	0.087
717.171,	0.186
717.718,	0.166
718.218,	0.094
718.75,	0.041
719.265,	0.15
719.765,	0.038
720.296,	0.17
720.812,	0.021
721.359,	0.114
721.906,	0.17
722.421,	0.157
722.984,	0.12
723.515,	0.144
724.031,	0.044
724.593,	0.094
725.125,	0.206
725.656,	0.097
726.203,	0.044
726.734,	0.097
727.265,	0.143
727.796,	0.067
728.359,	0.153
728.921,	0.113
729.453,	0.097
729.968,	0.011
730.515,	0.13
731.046,	0.071
731.578,	0.054
732.609,	0.107
733.109,	0.121
733.656,	0.087
734.218,	0.095
734.75,	0.025
735.265,	0.138
735.812,	0.138
736.343,	0.088
736.875,	0.137
737.406,	0.084
737.968,	0.204
738.5,	0.071
739.046,	0.131
739.593,	0.17
740.125,	0.124
740.656,	0.107
741.203,	0.144
741.75,	0.094
742.265,	0.045
742.812,	0.154
743.375,	0.141
743.953,	0.121
744.515,	0.045
745.046,	0.081
745.593,	0.085
746.125,	0.115
746.656,	0.164
747.171,	0.101
747.703,	0.098
748.234,	0.121
748.75,	0.071
749.312,	0.065
749.843,	0.078
750.359,	0.065
750.906,	0.134
751.437,	0.091
751.968,	0.051
752.5,	0.061
753.046,	0.144
753.593,	0.187
754.14,	0.054
754.687,	0.13
755.234,	0.127
755.75,	0.057
756.296,	0.133
756.859,	0.2
757.406,	0.113
757.953,	0.11
758.484,	0.117
759.015,	0.054
759.546,	0.087
760.046,	0.093
760.546,	0.123
761.093,	0.123
761.656,	0.103
762.234,	0.096
762.796,	0.179
763.343,	0.199
763.906,	0.146
764.453,	0.136
765,	0.123
765.546,	0.067
766.062,	0.093
766.593,	0.133
767.156,	0.043
767.656,	0.073
768.187,	0.123
768.703,	0.047
770.296,	0.116
770.828,	0.081
771.343,	0.051
771.89,	0.074
772.421,	0.114
772.953,	0.084
773.484,	0.127
774,	0.13
774.531,	0.037
775.078,	0.1
775.64,	0.004
776.14,	0.001
776.671,	0.064
777.187,	0.077
777.734,	0.113
778.296,	0.11
778.828,	0.097
779.39,	0.097
779.906,	0.183
780.437,	0.097
780.937,	0.063
781.484,	0.053
782.046,	0.063
782.625,	0.106
783.687,	0.096
784.187,	0.07
784.718,	0.043
785.234,	0.064
786.328,	0.018
786.843,	0.004
787.375,	0.041
787.921,	0.113
788.484,	0.024
788.984,	0.104
789.531,	0.1
790.093,	0.153
790.625,	0.07
791.14,	0.124
791.687,	0.114
792.218,	0.174
792.75,	0.144
793.281,	0.064
793.843,	0.028
794.39,	0.047
794.921,	0.041
795.468,	0.167
796.015,	0.163
796.531,	0.123
797.078,	0.084
797.64,	0.074
798.187,	0.09
798.734,	0.074
799.265,	0.147
799.796,	0.064
800.328,	0.081
800.89,	0.137
801.437,	0.071
801.968,	0.107
802.515,	0.138
803.031,	0.075
803.578,	0.138
804.078,	0.085
804.578,	0.028
805.109,	0.141
805.625,	0.104
806.156,	0.098
806.718,	0.124
807.234,	0.068
807.765,	0.051
808.312,	0.054
808.875,	0.134
809.437,	0.094
809.968,	0.134
810.484,	0.107
811.015,	0.137
811.546,	0.06
812.078,	0.133
812.609,	0.037
813.125,	0.114
813.656,	0.047
814.171,	0.07
814.734,	0.021
815.281,	0.077
815.812,	0.074
816.343,	0.01
816.859,	0.077
817.406,	0.024
817.921,	0.07
818.453,	0.073
818.968,	0.027
819.515,	0.037
820.062,	0.04
820.593,	0.01
821.125,	0.004
821.656,	0.08
822.218,	0.046
822.781,	0.086
823.312,	0.139
823.828,	0.072
824.359,	0.142
824.906,	0.073
825.453,	0.229
825.968,	0.05
826.5,	0.15
827.015,	0.156
827.546,	0.073
828.078,	0.153
828.609,	0.13
829.156,	0.09
829.687,	0.113
830.218,	0.106
830.75,	0.129
831.265,	0.136
831.812,	0.103
832.359,	0.12
832.875,	0.043
833.421,	0.05
833.984,	0.037
834.546,	0.116
835.062,	0.033
835.609,	0.106
836.171,	0.057
836.703,	0.103
837.265,	0.093
837.765,	0.123
838.312,	0.156
838.812,	0.119
839.359,	0.129
839.921,	0.113
840.453,	0.129
841.515,	0.096
842.046,	0.162
842.593,	0.04
843.109,	0.093
843.64,	0.123
844.218,	0.05
844.75,	0.156
845.312,	0.126
845.828,	0.023
846.359,	0.04
846.859,	0.113
847.406,	0.06
847.968,	0.099
848.5,	0.086
849.015,	0.076
849.562,	0.109
850.093,	0.136
850.625,	0.073
851.156,	0.126
851.656,	0.162
852.156,	0.01
852.703,	0.106
853.265,	0.046
853.796,	0.076
854.343,	0.056
854.906,	0.03
855.406,	0.076
855.937,	0.093
856.453,	0.133
857.562,	0.047
858.093,	0.044
858.64,	0.123
860.75,	0.06
861.843,	0.004
862.89,	0.034
863.437,	0.054
863.968,	0.077
864.5,	0.077
865,	0.07
865.562,	0.01
866.093,	0.017
866.609,	0.08
867.14,	0.116
867.671,	0.13
868.203,	0.063
868.734,	0.033
869.25,	0.053
869.781,	0.037
873,	0.07
873.531,	0.113
874.046,	0.073
874.593,	0.06
876.781,	0.01
877.312,	0.056
877.843,	0.08
878.39,	0.017
878.937,	0.027
879.484,	0.129
880.046,	0.076
880.578,	0.043
881.093,	0.146
881.64,	0.053
882.703,	0.003
883.25,	0.06
883.812,	0.056
884.39,	0.013
884.937,	0.037
885.484,	0.023
886.609,	0.017
887.171,	0.043
887.687,	0.027
888.781,	0.043
889.296,	0.013
890.39,	0.074
891.5,	0.07
892.546,	0.1
893.093,	0.097
893.64,	0.05
894.156,	0.014
894.687,	0.173
895.265,	0.067
895.828,	0.057
896.359,	0.16
896.89,	0.018
897.437,	0.091
897.984,	0.051
898.546,	0.028
899.078,	0.11
899.593,	0.044
900.14,	0.011
900.687,	0.097
901.203,	0.084
901.734,	0.037
902.312,	0.21
902.875,	0.123
903.937,	0.12
904.484,	0.157
905.031,	0.028
905.593,	0.061
906.125,	0.117
906.64,	0.151
907.171,	0.151
907.718,	0.114
908.781,	0.163
909.328,	0.031
909.875,	0.041
910.39,	0.001
910.921,	0.001
911.984,	0.001
912.531,	0.047
914.171,	0.057
915.265,	0.054
915.828,	0.047
916.921,	0
917.437,	0.09
917.984,	0.047
918.546,	0.179
919.593,	0.073
920.687,	0.04
921.218,	0.067
921.765,	0.073
922.312,	0.04
922.875,	0.053
924.015,	0.083
925.109,	0.004
925.671,	0.123
926.234,	0.05
926.765,	0.139
927.828,	0.1
928.375,	0.113
928.89,	0.06
929.421,	0.05
930,	0.03
930.562,	0.007
931.078,	0.056
932.171,	0.023
933.281,	0.043
933.812,	0.037
934.328,	0.046
934.875,	0.05
935.421,	0.043
935.937,	0.054
938.015,	0.084
938.578,	0.107
939.109,	0.014
939.625,	0.017
940.156,	0.024
940.703,	0.034
941.218,	0.13
942.265,	0.063
943.875,	0.087
944.406,	0.034
945.468,	0.05
946.531,	0.043
948.125,	0.017
948.656,	0.04
949.171,	0.017
952.359,	0.001
955.046,	0.028
956.656,	0.034
957.218,	0.005
958.281,	0.074
960.906,	0.02
962.515,	0.007
963.093,	0.106
963.656,	0.033
964.203,	0.056
964.765,	0.01
965.859,	0.08
966.39,	0.04
966.906,	0.003
967.406,	0.031
969.015,	0.08
969.562,	0.021
971.25,	0.017
973.437,	0.024
975.093,	0.067
975.64,	0.04
976.187,	0.07
977.218,	0.103
977.75,	0.08
978.796,	0.033
979.89,	0.083
980.406,	0
980.953,	0.083
983.109,	0.024
983.64,	0.021
984.187,	0.047
985.281,	0.084
986.343,	0.024
990.734,	0.057
991.265,	0.02
993.89,	0.047
994.453,	0.04
999.39,	0.02
1004.16,	0.076
1006.28,	0.044
1014.47,	0.09
1015.03,	0.037
1020.33,	0.004
1023.02,	0.037
1026.81,	0
1031.11,	0.02
1088.36,	0.001
1117.73,	0.001
1119.34,	0.011
1123.08,	0.021
1124.17,	0.004
1131.73,	0.008
1138.69,	0.001
1147.86,	0.021
1148.92,	0.007
1151.11,	0.007
1153.28,	0.004
1160.83,	0.05
1162.5,	0.018
1165.17,	0.037
1167.36,	0.004
1167.91,	0.011
1168.42,	0.007
1170.63,	0.063
1171.77,	0.024
1209.97,	0.001
1211.56,	0.044
3260.2,	0.024
3262.5,	0.037
3263.08,	0
3264.17,	0.047
3265.31,	0.1
3265.88,	0.116
3266.47,	0.03
3267.58,	0.096
3268.16,	0.083
3268.73,	0.077
3269.31,	0.113
3269.88,	0.09
3270.45,	0.103
3271.05,	0.027
3271.63,	0.06
3272.2,	0.066
3272.76,	0.016
3273.36,	0.036
3273.95,	0.099
3275.11,	0.033
3275.67,	0.172
3276.25,	0.188
3276.84,	0.149
3277.42,	0.132
3277.95,	0.159
3278.51,	0.122
3279.08,	0.182
3279.64,	0.102
3280.22,	0.232
3280.81,	0.195
3281.39,	0.152
3281.97,	0.202
3282.53,	0.179
3283.11,	0.182
3283.7,	0.128
3284.28,	0.198
3284.83,	0.321
3285.38,	0.254
3285.97,	0.291
3286.51,	0.407
3287.11,	0.235
3287.69,	0.291
3288.26,	0.298
3288.84,	0.394
3289.41,	0.327
3289.98,	0.35
3290.55,	0.264
3291.14,	0.244
3291.67,	0.32
3292.23,	0.318
3292.8,	0.235
3293.34,	0.248
3293.94,	0.341
3294.51,	0.404
3295.09,	0.37
3295.67,	0.321
3296.23,	0.341
3296.81,	0.377
3297.34,	0.364
3297.91,	0.4
3298.48,	0.403
3299.06,	0.446
3299.64,	0.36
3300.2,	0.373
3300.78,	0.367
3301.36,	0.453
3301.94,	0.4
3302.51,	0.314
3303.08,	0.403
3303.67,	0.367
3304.26,	0.447
3304.83,	0.38
3305.42,	0.457
3305.97,	0.414
3306.55,	0.357
3307.14,	0.391
3307.72,	0.374
3308.26,	0.42
3308.83,	0.384
3309.41,	0.408
3309.97,	0.531
3310.55,	0.418
3311.13,	0.385
3311.7,	0.438
3312.3,	0.517
3312.84,	0.451
3313.44,	0.481
3314.01,	0.547
3314.59,	0.504
3315.17,	0.421
3315.73,	0.474
3316.31,	0.488
3316.91,	0.388
3317.48,	0.421
3318.06,	0.444
3318.59,	0.448
3319.16,	0.504
3319.7,	0.497
3320.28,	0.494
3320.88,	0.541
3321.45,	0.474
3322.03,	0.434
3322.59,	0.458
3323.17,	0.468
3324.8,	0.438
3324.81,	0.454
3324.92,	0.444
3325.47,	0.481
3327.75,	0.54
3327.76,	0.52
3327.78,	0.46
3327.81,	0.47
3328.36,	0.463
3328.95,	0.47
3329.53,	0.53
3330.11,	0.54
3330.69,	0.377
3331.25,	0.43
3331.83,	0.46
3332.42,	0.394
3333,	0.427
3333.58,	0.394
3338.72,	0.394
3338.73,	0.47
3338.75,	0.47
3338.76,	0.307
3338.78,	0.519
3338.8,	0.523
3338.81,	0.4
3338.83,	0.42
3338.84,	0.387
3339.2,	0.45
3339.8,	0.467
3340.39,	0.433
3340.97,	0.393
3341.5,	0.31
3342.06,	0.406
3342.64,	0.469
3343.2,	0.516
3343.78,	0.453
3344.36,	0.456
3344.94,	0.357
3345.53,	0.536
3346.09,	0.576
3346.67,	0.264
3347.25,	0.42
3347.83,	0.361
3348.42,	0.437
3348.97,	0.367
3349.55,	0.493
3350.14,	0.377
3350.72,	0.394
3351.28,	0.391
3351.83,	0.377
3352.39,	0.38
3352.94,	0.38
3353.51,	0.446
3354.11,	0.39
3354.69,	0.43
3355.26,	0.423
3355.84,	0.42
3356.41,	0.45
3357,	0.43
3357.56,	0.487
3358.16,	0.434
3358.72,	0.463
3359.3,	0.41
3359.88,	0.447
3360.45,	0.42
3361.03,	0.393
3361.59,	0.367
3362.17,	0.284
3362.75,	0.333
3363.33,	0.277
3363.91,	0.284
3364.47,	0.45
3365.06,	0.347
3365.66,	0.403
3366.23,	0.298
3366.81,	0.44
3367.38,	0.318
3367.95,	0.318
3368.55,	0.264
3369.13,	0.33
3369.7,	0.393
3370.26,	0.343
3370.84,	0.333
3371.42,	0.363
3372,	0.344
3372.58,	0.34
3373.14,	0.36
3373.72,	0.321
3374.31,	0.344
3374.89,	0.357
3375.47,	0.364
3376.03,	0.314
3376.61,	0.337
3377.19,	0.377
3377.76,	0.281
3378.36,	0.377
3378.91,	0.301
3379.5,	0.334
3380.08,	0.285
3380.66,	0.214
3381.23,	0.251
3381.76,	0.297
3382.33,	0.191
3382.88,	0.284
3383.45,	0.288
3384.05,	0.241
3384.63,	0.234
3385.2,	0.201
3385.76,	0.208
3386.31,	0.26
3386.91,	0.234
3387.45,	0.257
3388.01,	0.267
3388.59,	0.161
3389.17,	0.257
3389.72,	0.301
3390.31,	0.194
3390.89,	0.138
3391.47,	0.158
3392.05,	0.152
3392.61,	0.178
3393.2,	0.201
3393.78,	0.201
3394.36,	0.235
3394.94,	0.255
3395.5,	0.235
3396.08,	0.258
3396.66,	0.245
3397.25,	0.235
3397.83,	0.228
3398.38,	0.232
3398.97,	0.248
3399.56,	0.268
3400.13,	0.212
3400.7,	0.209
3401.26,	0.238
3401.84,	0.132
3402.44,	0.222
3403.01,	0.182
3403.59,	0.112
3404.16,	0.126
3404.73,	0.166
3405.31,	0.166
3405.89,	0.129
3406.47,	0.026
3407.01,	0.063
3407.56,	0.069
3408.13,	0.093
3408.7,	0.043
3409.28,	0.086
3409.86,	0.013
3410.45,	0.046
3411,	0.056
3411.58,	0.05
3412.17,	0.014
3412.75,	0.12
3413.33,	0.07
3413.89,	0.05
3414.47,	0.021
3415.05,	0.078
3415.63,	0.015
3416.2,	0.054
3416.75,	0.044
3417.89,	0.114
3418.45,	0.074
3421.33,	0.07
3421.91,	0.021
3422.48,	0.074
3423.08,	0.017
3426.51,	0.004
3428.86,	0.037
3436.89,	0.037
