3193.64,	0.013
3194.16,	0.04
3194.69,	0.03
3195.22,	0.017
3195.75,	0.02
3196.27,	0.02
3198.44,	0.04
3198.97,	0
3199.5,	0.04
3201.69,	0
3202.73,	0.027
3204.84,	0.02
3205.34,	0.08
3206.39,	0.076
3206.95,	0.046
3207.5,	0.06
3208.58,	0.04
3209.09,	0.046
3209.63,	0.103
3210.69,	0.086
3211.75,	0.007
3212.28,	0.03
3215.5,	0.07
3216.03,	0.07
3216.58,	0.04
3218.23,	0.109
3218.8,	0.009
3219.84,	0.042
3220.92,	0.052
3223.09,	0.013
3223.63,	0.009
3224.17,	0.006
3224.72,	0.096
3225.28,	0.016
3225.84,	0.076
3226.38,	0.063
3227.44,	0.036
3227.97,	0.023
3228.48,	0.082
3229.02,	0.03
3229.53,	0.083
3231.14,	0.026
3231.67,	0.026
3232.19,	0.066
3233.27,	0.096
3234.33,	0.063
3235.39,	0.053
3235.92,	0.016
3236.44,	0.006
3236.97,	0.013
3237.5,	0.092
3238.55,	0.012
3239.11,	0.022
3239.63,	0.059
3240.72,	0.003
3241.23,	0.019
3241.78,	0.119
3242.88,	0.009
3243.44,	0.043
3243.94,	0.036
3251.92,	0.043
3252.42,	0.073
3252.97,	0.056
3254.06,	0.063
3255.67,	0.033
3256.22,	0.063
3257.31,	0.01
3257.83,	0.06
3258.38,	0.099
3259.44,	0.01
3260.47,	0.016
3262.61,	0.01
3263.13,	0.003
3264.2,	0.086
3265.8,	0.099
3267.41,	0.073
3267.92,	0.053
3269,	0.073
3270.13,	0.017
3270.66,	0.043
3271.17,	0.043
3271.75,	0.07
3272.31,	0.033
3272.81,	0.003
3273.31,	0
3274.36,	0.116
3274.91,	0.013
3275.45,	0.033
3275.97,	0.017
3277.05,	0.036
3277.61,	0.02
3279.22,	0.086
3279.75,	0.036
3280.81,	0.08
3281.34,	0.056
3282.95,	0.03
3283.5,	0.086
3284.56,	0.043
3285.11,	0.043
3286.7,	0.027
3287.27,	0.007
3287.8,	0.099
3288.31,	0.063
3288.86,	0.073
3289.39,	0.046
3289.94,	0.027
3290.45,	0.033
3291.56,	0.103
3292.09,	0.056
3292.66,	0.023
3293.16,	0.036
3293.7,	0.083
3294.2,	0.043
3294.75,	0.002
3296.89,	0.042
3297.97,	0.028
3300.09,	0.012
3301.67,	0.045
3303.28,	0.026
3304.34,	0.039
3305.94,	0.038
3307,	0.131
3307.53,	0.032
3308.05,	0.009
3311.81,	0.036
3313.44,	0.079
3313.98,	0.026
