36.609,	0.835
37.109,	0.973
37.609,	0.96
38.109,	0.949
38.609,	0.939
39.14,	0.93
39.656,	0.924
40.14,	0.918
40.656,	0.913
41.156,	0.909
41.656,	0.905
42.156,	0.902
42.687,	0.898
43.187,	0.895
43.703,	0.892
44.218,	0.889
44.718,	0.887
45.218,	0.885
46.921,	0.883
46.937,	0.882
46.937,	0.881
47.25,	0.879
47.796,	0.879
48.343,	0.878
48.953,	0.878
49.375,	0.877
50.984,	0.876
51,	0.876
51,	0.876
51.515,	0.875
52.031,	0.875
52.562,	0.875
53.125,	0.875
53.703,	0.875
54.218,	0.875
54.765,	0.875
55.312,	0.874
55.859,	0.874
56.421,	0.874
56.968,	0.874
57.5,	0.874
58.046,	0.874
58.609,	0.874
59.156,	0.874
59.671,	0.874
60.218,	0.873
60.718,	0.874
61.25,	0.874
61.796,	0.874
62.359,	0.874
62.89,	0.874
63.406,	0.874
63.937,	0.874
64.468,	0.874
65.015,	0.874
65.515,	0.875
66.046,	0.874
66.609,	0.875
67.125,	0.874
67.656,	0.874
68.187,	0.874
68.703,	0.874
69.234,	0.874
69.765,	0.874
70.312,	0.874
70.843,	0.874
71.39,	0.874
71.953,	0.874
72.5,	0.874
73.015,	0.874
73.562,	0.874
74.078,	0.874
74.609,	0.874
75.156,	0.874
75.703,	0.874
76.281,	0.874
76.843,	0.874
77.406,	0.874
77.953,	0.874
78.5,	0.874
79.031,	0.874
79.562,	0.875
80.093,	0.874
80.609,	0.875
81.109,	0.874
81.64,	0.874
82.187,	0.874
82.75,	0.874
83.281,	0.874
83.796,	0.874
84.328,	0.874
84.859,	0.875
85.406,	0.874
85.937,	0.875
86.5,	0.874
87.078,	0.875
87.64,	0.874
88.156,	0.874
88.687,	0.874
89.234,	0.874
89.796,	0.874
90.328,	0.875
90.843,	0.874
91.375,	0.874
91.906,	0.875
92.453,	0.874
92.984,	0.875
93.546,	0.874
94.062,	0.874
94.625,	0.874
95.187,	0.874
95.703,	0.874
96.234,	0.874
96.796,	0.874
97.343,	0.874
97.89,	0.873
98.421,	0.874
98.953,	0.875
99.5,	0.874
100.031,	0.875
100.593,	0.874
101.109,	0.874
101.671,	0.874
102.234,	0.874
102.75,	0.874
103.281,	0.874
103.843,	0.874
104.359,	0.874
104.89,	0.874
105.437,	0.874
106,	0.874
106.578,	0.874
107.125,	0.874
107.687,	0.874
108.218,	0.874
108.75,	0.874
109.25,	0.874
109.796,	0.874
110.328,	0.874
110.843,	0.874
111.375,	0.874
111.937,	0.874
112.468,	0.874
112.984,	0.874
113.531,	0.874
114.046,	0.875
114.593,	0.874
115.125,	0.875
115.687,	0.874
116.203,	0.874
116.765,	0.874
117.328,	0.874
117.843,	0.874
118.375,	0.874
118.937,	0.874
119.468,	0.874
120.031,	0.874
120.562,	0.874
121.093,	0.874
121.593,	0.874
122.14,	0.874
122.671,	0.874
123.234,	0.874
123.75,	0.876
124.281,	0.878
124.812,	0.883
125.328,	0.888
125.859,	0.893
126.39,	0.899
126.921,	0.901
127.437,	0.903
127.968,	0.905
128.5,	0.907
129.031,	0.908
129.546,	0.91
130.125,	0.91
130.687,	0.911
131.187,	0.912
131.734,	0.912
132.265,	0.913
132.812,	0.913
133.375,	0.913
133.906,	0.914
134.437,	0.914
134.968,	0.914
135.546,	0.914
136.078,	0.914
136.593,	0.914
137.156,	0.914
137.718,	0.915
138.234,	0.915
138.765,	0.915
139.328,	0.915
139.843,	0.915
140.375,	0.915
140.906,	0.915
141.421,	0.915
141.953,	0.915
142.484,	0.915
143.031,	0.915
143.593,	0.915
144.125,	0.915
144.64,	0.915
145.203,	0.915
145.734,	0.915
146.281,	0.915
146.812,	0.915
147.375,	0.915
147.89,	0.915
148.421,	0.915
148.968,	0.915
149.515,	0.915
150.031,	0.915
150.578,	0.915
151.109,	0.915
151.656,	0.915
152.187,	0.915
152.75,	0.915
153.265,	0.915
153.796,	0.915
154.359,	0.915
154.906,	0.915
155.468,	0.915
155.984,	0.915
156.515,	0.915
157.046,	0.915
157.578,	0.915
158.125,	0.915
158.625,	0.915
159.125,	0.915
159.656,	0.915
160.187,	0.915
160.718,	0.915
161.234,	0.915
161.765,	0.915
162.312,	0.915
162.875,	0.915
163.421,	0.915
163.921,	0.915
164.484,	0.915
165.015,	0.915
165.531,	0.915
166.093,	0.915
166.671,	0.915
167.203,	0.915
167.781,	0.915
168.328,	0.915
168.89,	0.915
169.453,	0.915
170,	0.915
170.562,	0.915
171.078,	0.915
171.609,	0.915
172.14,	0.915
172.671,	0.915
173.218,	0.915
173.718,	0.915
174.265,	0.915
174.796,	0.915
175.343,	0.915
175.906,	0.915
176.453,	0.915
176.968,	0.915
177.515,	0.915
178.046,	0.915
178.609,	0.915
179.109,	0.915
179.656,	0.915
180.187,	0.915
180.718,	0.915
181.265,	0.916
181.765,	0.918
182.312,	0.921
182.843,	0.924
183.39,	0.927
183.953,	0.929
184.5,	0.932
185.015,	0.934
185.562,	0.935
186.093,	0.937
186.656,	0.938
187.171,	0.939
187.703,	0.94
188.234,	0.94
188.75,	0.941
189.281,	0.941
189.812,	0.942
190.359,	0.942
190.89,	0.942
191.421,	0.943
191.953,	0.943
192.468,	0.943
193.031,	0.943
193.593,	0.943
194.109,	0.943
194.64,	0.943
195.187,	0.943
195.75,	0.944
196.281,	0.944
196.796,	0.944
197.328,	0.944
197.859,	0.944
198.406,	0.944
198.937,	0.944
199.484,	0.944
200.015,	0.944
200.578,	0.944
201.109,	0.944
201.656,	0.944
202.187,	0.944
202.75,	0.944
203.265,	0.944
203.796,	0.944
204.343,	0.944
204.906,	0.944
205.484,	0.944
206.031,	0.944
206.593,	0.944
207.14,	0.944
207.703,	0.944
208.265,	0.944
208.781,	0.944
209.328,	0.944
209.875,	0.944
210.39,	0.944
210.921,	0.944
211.484,	0.944
212.031,	0.944
212.593,	0.944
213.109,	0.944
213.64,	0.944
214.171,	0.944
214.687,	0.944
215.203,	0.944
215.75,	0.944
216.296,	0.944
216.828,	0.944
217.375,	0.944
217.921,	0.944
218.437,	0.944
218.984,	0.944
219.531,	0.944
220.078,	0.944
220.64,	0.944
221.156,	0.944
221.687,	0.944
222.25,	0.944
222.828,	0.944
223.39,	0.944
223.921,	0.944
224.484,	0.944
225.015,	0.946
225.546,	0.948
226.093,	0.951
226.625,	0.954
227.171,	0.956
227.703,	0.959
228.265,	0.961
228.828,	0.963
229.343,	0.965
229.875,	0.966
230.39,	0.967
230.937,	0.968
231.484,	0.969
232.015,	0.969
232.531,	0.97
233.062,	0.97
233.593,	0.971
234.125,	0.971
234.64,	0.971
235.171,	0.971
235.718,	0.971
236.25,	0.972
236.781,	0.972
237.312,	0.972
237.828,	0.972
238.359,	0.972
238.89,	0.973
239.39,	0.972
239.968,	0.973
240.531,	0.972
241.046,	0.972
241.609,	0.972
242.14,	0.973
242.687,	0.973
243.218,	0.973
243.781,	0.973
244.328,	0.972
244.875,	0.972
245.406,	0.972
245.937,	0.973
246.484,	0.972
247.015,	0.973
247.546,	0.973
248.078,	0.973
248.593,	0.973
249.125,	0.973
249.687,	0.973
250.265,	0.973
250.828,	0.973
251.359,	0.973
251.875,	0.973
252.421,	0.972
252.984,	0.973
253.531,	0.973
254.062,	0.973
254.609,	0.973
255.171,	0.973
255.718,	0.973
256.234,	0.973
256.781,	0.973
257.281,	0.973
257.828,	0.973
258.359,	0.973
258.921,	0.973
259.453,	0.974
259.968,	0.975
260.5,	0.978
261.031,	0.982
261.578,	0.984
262.078,	0.987
262.609,	0.989
263.171,	0.991
263.687,	0.992
264.218,	0.993
264.734,	0.995
265.265,	0.995
265.796,	0.996
266.328,	0.998
266.875,	0.998
267.406,	0.998
267.953,	0.999
268.484,	0.999
269.046,	0.999
269.609,	1
270.125,	1
270.656,	1
271.218,	1
271.765,	1
272.312,	1
272.843,	1
273.375,	1
273.875,	1
274.453,	1
275.015,	1
275.546,	1
276.093,	1
276.656,	1
277.171,	1
277.703,	1
278.265,	1
278.812,	1
279.359,	1
279.89,	1
280.421,	1
280.921,	1
281.468,	1
282,	1
282.562,	1
283.078,	1
283.609,	1
284.156,	1
284.671,	1
285.218,	1
285.718,	1
286.218,	1
286.75,	1
287.296,	1
287.859,	1
288.39,	1
288.906,	1
289.437,	1
289.968,	1
290.515,	1
291.015,	1
291.546,	1
292.109,	1
292.625,	1
293.156,	1
293.687,	1
294.203,	1
294.734,	1
295.265,	1
295.812,	1
296.343,	1
296.859,	1
297.406,	1
297.921,	1
298.453,	1
299.015,	1
299.593,	1
300.156,	1
300.703,	1
301.25,	1
301.781,	1
302.312,	1
302.859,	1
303.39,	1
303.921,	1
304.453,	1
304.968,	1
305.5,	1
306.031,	1
306.546,	1
307.078,	1
307.609,	1
308.156,	1
308.687,	1
309.234,	1
309.796,	1
310.343,	1
310.859,	1
311.406,	1
311.906,	1
312.437,	1
312.984,	1
313.546,	1
314.062,	1
314.593,	1
315.125,	1
315.656,	1
316.203,	1
316.734,	1
317.265,	1
317.796,	1
318.312,	1
318.843,	1.01
319.406,	1.01
319.984,	1.02
320.546,	1.02
321.093,	1.03
321.64,	1.03
322.171,	1.04
322.703,	1.04
323.203,	1.05
323.734,	1.05
324.281,	1.05
324.843,	1.05
325.359,	1.05
325.89,	1.06
326.453,	1.06
327.031,	1.06
327.593,	1.06
328.14,	1.06
328.687,	1.06
329.218,	1.06
329.75,	1.06
330.25,	1.06
330.828,	1.06
331.39,	1.06
331.906,	1.06
332.468,	1.06
333.031,	1.06
333.546,	1.06
334.078,	1.06
334.64,	1.06
335.187,	1.06
335.734,	1.06
336.265,	1.06
336.796,	1.06
337.296,	1.06
337.843,	1.06
338.343,	1.06
338.875,	1.06
339.39,	1.06
339.937,	1.06
340.484,	1.06
341.031,	1.06
341.546,	1.06
342.093,	1.06
342.64,	1.06
343.171,	1.06
343.718,	1.06
344.281,	1.06
344.828,	1.06
345.343,	1.06
345.875,	1.06
346.421,	1.06
346.984,	1.06
347.515,	1.06
348.031,	1.06
348.546,	1.06
349.078,	1.06
349.609,	1.06
350.14,	1.06
350.64,	1.06
351.218,	1.06
351.781,	1.06
352.296,	1.06
352.859,	1.06
353.421,	1.06
353.937,	1.07
354.468,	1.07
355.031,	1.08
355.578,	1.08
356.125,	1.09
356.656,	1.1
357.187,	1.1
357.734,	1.1
358.265,	1.11
358.812,	1.11
359.359,	1.11
359.875,	1.11
360.421,	1.12
360.968,	1.12
361.515,	1.12
362.078,	1.12
362.593,	1.12
363.125,	1.12
363.703,	1.12
364.265,	1.12
364.828,	1.12
365.359,	1.12
365.921,	1.12
366.453,	1.12
366.984,	1.12
367.531,	1.12
368.031,	1.12
368.531,	1.12
369.062,	1.12
369.609,	1.12
370.171,	1.12
370.703,	1.12
371.218,	1.12
371.75,	1.12
372.281,	1.12
372.796,	1.12
373.359,	1.12
373.921,	1.12
374.437,	1.12
375,	1.12
375.562,	1.12
376.078,	1.12
376.609,	1.12
377.171,	1.12
377.703,	1.12
378.218,	1.12
378.765,	1.12
379.328,	1.12
379.906,	1.13
380.453,	1.13
381.015,	1.14
381.546,	1.14
382.062,	1.15
382.578,	1.15
383.125,	1.16
383.625,	1.16
384.156,	1.17
384.703,	1.17
385.265,	1.17
385.781,	1.17
386.312,	1.17
386.843,	1.18
387.375,	1.18
387.921,	1.18
388.453,	1.18
389,	1.18
389.531,	1.18
390.093,	1.18
390.656,	1.18
391.171,	1.18
391.703,	1.18
392.265,	1.18
392.781,	1.18
393.312,	1.18
393.859,	1.18
394.421,	1.18
394.968,	1.18
395.468,	1.18
396.015,	1.18
396.562,	1.18
397.078,	1.18
397.64,	1.18
398.156,	1.18
398.687,	1.18
399.25,	1.18
399.796,	1.18
400.359,	1.18
400.937,	1.18
401.5,	1.18
402.062,	1.18
402.609,	1.18
403.156,	1.18
403.703,	1.18
404.218,	1.18
404.765,	1.18
405.265,	1.18
405.765,	1.18
406.296,	1.18
406.843,	1.18
407.406,	1.18
407.937,	1.18
408.453,	1.18
408.984,	1.18
409.515,	1.18
410.062,	1.18
410.562,	1.18
411.062,	1.18
411.593,	1.18
412.14,	1.18
412.703,	1.18
413.234,	1.18
413.75,	1.18
414.281,	1.18
414.812,	1.18
415.359,	1.18
415.859,	1.18
416.39,	1.18
416.953,	1.18
417.468,	1.18
418,	1.18
418.531,	1.18
419.062,	1.18
419.609,	1.18
420.109,	1.18
420.656,	1.18
421.187,	1.18
421.703,	1.18
422.218,	1.18
422.765,	1.18
423.328,	1.18
423.906,	1.18
424.468,	1.18
425,	1.18
425.5,	1.18
426.046,	1.18
426.578,	1.17
427.093,	1.17
427.625,	1.16
428.156,	1.16
428.703,	1.15
429.234,	1.15
429.765,	1.15
430.296,	1.14
430.812,	1.14
431.343,	1.14
431.906,	1.13
432.484,	1.13
433.046,	1.13
433.593,	1.13
434.14,	1.13
434.671,	1.13
435.203,	1.13
435.75,	1.13
436.281,	1.13
436.812,	1.13
437.343,	1.13
437.859,	1.13
438.39,	1.13
438.921,	1.13
439.453,	1.13
440,	1.13
440.5,	1.13
441.046,	1.12
441.578,	1.12
442.109,	1.13
442.671,	1.13
443.187,	1.12
443.718,	1.13
444.296,	1.13
444.796,	1.12
445.328,	1.12
445.875,	1.12
446.437,	1.12
446.968,	1.12
447.484,	1.12
448.015,	1.12
448.546,	1.13
449.046,	1.12
449.578,	1.12
450.125,	1.12
450.687,	1.12
451.203,	1.12
451.734,	1.12
452.296,	1.12
452.875,	1.12
453.437,	1.12
453.984,	1.12
454.531,	1.12
455.062,	1.12
455.593,	1.12
456.125,	1.12
456.671,	1.12
457.218,	1.12
457.781,	1.13
458.328,	1.12
458.843,	1.12
459.39,	1.12
459.89,	1.12
460.421,	1.12
460.968,	1.12
461.531,	1.12
462.109,	1.13
462.671,	1.13
463.234,	1.12
463.781,	1.13
464.328,	1.12
464.875,	1.13
465.39,	1.13
465.937,	1.12
466.468,	1.13
467.031,	1.12
467.546,	1.12
468.109,	1.12
468.656,	1.13
469.218,	1.13
469.765,	1.12
470.328,	1.12
470.843,	1.11
471.375,	1.11
471.906,	1.1
472.437,	1.1
472.984,	1.09
473.484,	1.09
473.984,	1.08
474.515,	1.08
475.062,	1.08
475.625,	1.08
476.203,	1.08
476.765,	1.07
477.328,	1.07
477.843,	1.07
478.375,	1.07
478.906,	1.07
479.421,	1.07
479.953,	1.07
480.468,	1.07
480.984,	1.07
481.531,	1.07
482.031,	1.07
482.562,	1.07
483.109,	1.07
483.671,	1.07
484.203,	1.07
484.718,	1.07
485.25,	1.07
485.781,	1.07
486.328,	1.07
486.828,	1.07
487.359,	1.07
487.921,	1.07
488.437,	1.07
488.968,	1.07
489.5,	1.07
490.015,	1.07
490.546,	1.07
491.078,	1.07
491.578,	1.07
492.125,	1.06
492.625,	1.07
493.203,	1.07
493.734,	1.07
494.265,	1.07
494.796,	1.07
495.328,	1.07
495.875,	1.07
496.375,	1.07
496.921,	1.07
497.453,	1.07
497.984,	1.07
498.546,	1.07
499.062,	1.07
499.609,	1.07
500.156,	1.07
500.703,	1.07
501.265,	1.07
501.781,	1.07
502.312,	1.07
502.843,	1.07
503.359,	1.07
503.89,	1.07
504.421,	1.07
505,	1.07
505.546,	1.07
506.109,	1.07
506.656,	1.07
507.218,	1.07
507.75,	1.07
508.296,	1.07
508.828,	1.07
509.39,	1.07
509.906,	1.07
510.453,	1.06
510.968,	1.06
511.5,	1.05
512.062,	1.05
512.593,	1.04
513.156,	1.04
513.687,	1.03
514.218,	1.03
514.765,	1.02
515.265,	1.02
515.796,	1.02
516.359,	1.02
516.875,	1.02
517.406,	1.01
517.937,	1.01
518.453,	1.01
519,	1.01
519.515,	1.01
520.062,	1.01
520.593,	1.01
521.156,	1.01
521.671,	1.01
522.234,	1.01
522.765,	1.01
523.265,	1.01
523.843,	1.01
524.406,	1.01
524.937,	1.01
525.5,	1.01
526.031,	1.01
526.562,	1.01
527.109,	1.01
527.64,	1.01
528.187,	1.01
528.718,	1.01
529.281,	1.01
529.812,	1.01
530.312,	1.01
530.89,	1.01
531.453,	1.01
531.984,	1.01
532.546,	1.01
533.078,	1.01
533.609,	1.01
534.156,	1.01
534.687,	1.01
535.234,	1.01
535.765,	1.01
536.328,	1.01
536.89,	1.01
537.406,	1.01
537.937,	1.01
538.5,	1.01
539.046,	1.01
539.593,	1.01
540.125,	1.01
540.656,	1.01
541.203,	1.01
541.734,	1.01
542.265,	1.01
542.796,	1.01
543.312,	1
543.843,	1.01
544.406,	1.01
544.984,	1
545.5,	1
546.031,	0.998
546.593,	0.996
547.109,	0.993
547.64,	0.99
548.171,	0.988
548.703,	0.986
549.25,	0.984
549.812,	0.983
550.343,	0.981
550.843,	0.98
551.343,	0.979
551.89,	0.978
552.421,	0.978
552.937,	0.977
553.468,	0.977
554,	0.977
554.546,	0.976
555.078,	0.976
555.609,	0.976
556.14,	0.975
556.656,	0.975
557.187,	0.975
557.718,	0.975
558.25,	0.975
558.796,	0.975
559.296,	0.975
559.843,	0.975
560.375,	0.975
560.906,	0.975
561.468,	0.975
561.984,	0.975
562.515,	0.975
563.093,	0.975
563.625,	0.974
564.187,	0.975
564.703,	0.975
565.234,	0.975
565.765,	0.975
566.312,	0.974
566.843,	0.975
567.343,	0.974
567.89,	0.975
568.421,	0.974
568.968,	0.974
569.531,	0.975
570.078,	0.974
570.593,	0.974
571.14,	0.974
571.64,	0.974
572.171,	0.975
572.718,	0.975
573.281,	0.974
573.812,	0.975
574.328,	0.974
574.859,	0.975
575.39,	0.975
575.89,	0.975
576.437,	0.974
576.937,	0.975
577.468,	0.974
578.015,	0.974
578.578,	0.973
579.109,	0.971
579.64,	0.968
580.187,	0.966
580.687,	0.963
581.187,	0.96
581.718,	0.959
582.265,	0.956
582.828,	0.955
583.359,	0.954
583.875,	0.952
584.421,	0.951
584.937,	0.951
585.437,	0.95
585.953,	0.949
586.484,	0.949
587.015,	0.948
587.531,	0.948
588.078,	0.948
588.593,	0.948
589.125,	0.947
589.671,	0.947
590.234,	0.947
590.812,	0.947
591.359,	0.947
591.921,	0.947
592.453,	0.947
592.968,	0.946
593.484,	0.947
594.031,	0.946
594.531,	0.947
595.062,	0.946
595.609,	0.946
596.171,	0.946
596.687,	0.946
597.218,	0.946
597.75,	0.946
598.281,	0.947
598.828,	0.946
599.328,	0.947
599.828,	0.946
600.359,	0.946
600.906,	0.946
601.468,	0.946
602,	0.946
602.515,	0.946
603.046,	0.946
603.578,	0.947
604.078,	0.946
604.625,	0.946
605.156,	0.946
605.718,	0.946
606.234,	0.946
606.765,	0.946
607.296,	0.946
607.828,	0.946
608.375,	0.946
608.875,	0.946
609.421,	0.946
609.953,	0.946
610.5,	0.946
611.046,	0.946
611.562,	0.946
612.109,	0.946
612.656,	0.946
613.171,	0.946
613.703,	0.946
614.25,	0.946
614.812,	0.946
615.343,	0.946
615.859,	0.946
616.39,	0.946
616.921,	0.947
617.468,	0.946
618,	0.946
618.562,	0.946
619.078,	0.946
619.609,	0.946
620.14,	0.946
620.671,	0.946
621.25,	0.946
621.812,	0.946
622.328,	0.946
622.859,	0.946
623.39,	0.946
623.906,	0.946
624.437,	0.946
624.968,	0.946
625.515,	0.946
626.078,	0.946
626.609,	0.946
627.125,	0.946
627.687,	0.946
628.25,	0.946
628.765,	0.946
629.296,	0.944
629.859,	0.942
630.406,	0.939
630.953,	0.936
631.484,	0.933
632.015,	0.931
632.562,	0.929
633.062,	0.928
633.593,	0.926
634.156,	0.924
634.671,	0.923
635.203,	0.922
635.734,	0.922
636.265,	0.921
636.812,	0.92
637.312,	0.919
637.859,	0.92
638.39,	0.919
638.937,	0.919
639.484,	0.919
640,	0.918
640.546,	0.918
641.093,	0.918
641.64,	0.918
642.203,	0.918
642.718,	0.918
643.25,	0.918
643.781,	0.918
644.296,	0.918
644.843,	0.918
645.359,	0.918
645.89,	0.918
646.437,	0.918
647,	0.918
647.515,	0.917
648.078,	0.918
648.609,	0.918
649.156,	0.918
649.687,	0.918
650.25,	0.918
650.781,	0.918
651.296,	0.917
651.843,	0.917
652.406,	0.918
652.953,	0.918
653.484,	0.917
654.031,	0.918
654.578,	0.918
655.093,	0.918
655.625,	0.917
656.14,	0.917
656.687,	0.918
657.203,	0.918
657.734,	0.918
658.296,	0.917
658.796,	0.918
659.343,	0.917
659.89,	0.917
660.437,	0.917
660.953,	0.917
661.5,	0.917
662.031,	0.917
662.578,	0.917
663.109,	0.917
663.671,	0.917
664.234,	0.917
664.75,	0.916
665.281,	0.915
665.828,	0.912
666.39,	0.909
666.921,	0.907
667.437,	0.904
667.968,	0.902
668.5,	0.9
669.046,	0.896
669.546,	0.894
670.046,	0.891
670.593,	0.889
671.14,	0.887
671.687,	0.885
672.218,	0.885
672.734,	0.883
673.265,	0.883
673.796,	0.883
674.343,	0.882
674.875,	0.881
675.421,	0.88
675.953,	0.88
676.515,	0.88
677.078,	0.88
677.593,	0.879
678.125,	0.88
678.687,	0.879
679.203,	0.879
679.734,	0.879
680.281,	0.879
680.843,	0.879
681.421,	0.878
681.968,	0.878
682.531,	0.878
683.078,	0.878
683.64,	0.878
684.203,	0.878
684.718,	0.878
685.25,	0.878
685.812,	0.879
686.328,	0.878
686.859,	0.879
687.437,	0.878
687.968,	0.878
688.531,	0.878
689.046,	0.878
689.578,	0.878
690.125,	0.878
690.64,	0.879
691.187,	0.878
691.687,	0.879
692.187,	0.878
692.718,	0.879
693.265,	0.878
693.828,	0.878
694.359,	0.879
694.875,	0.878
695.406,	0.878
695.937,	0.879
696.484,	0.878
696.984,	0.878
697.515,	0.878
698.078,	0.878
698.593,	0.878
699.125,	0.878
699.656,	0.879
700.171,	0.878
700.703,	0.878
701.234,	0.879
701.781,	0.878
702.312,	0.879
702.859,	0.878
703.39,	0.878
703.953,	0.878
704.484,	0.878
705.031,	0.878
705.562,	0.878
706.125,	0.877
706.671,	0.874
707.218,	0.87
707.75,	0.866
708.281,	0.861
708.828,	0.856
709.359,	0.851
709.89,	0.847
710.421,	0.844
710.937,	0.841
711.468,	0.838
712,	0.836
712.531,	0.835
713.078,	0.833
713.578,	0.832
714.078,	0.83
714.609,	0.829
715.125,	0.829
715.671,	0.828
716.203,	0.828
716.765,	0.827
717.312,	0.826
717.828,	0.827
718.328,	0.826
718.875,	0.825
719.375,	0.825
719.906,	0.825
720.421,	0.825
720.953,	0.824
721.5,	0.825
722.046,	0.825
722.562,	0.825
723.109,	0.824
723.625,	0.824
724.171,	0.824
724.734,	0.825
725.265,	0.824
725.781,	0.824
726.343,	0.824
726.859,	0.824
727.39,	0.824
727.953,	0.824
728.5,	0.824
729.062,	0.824
729.593,	0.824
730.109,	0.823
730.64,	0.824
731.171,	0.825
731.718,	0.824
732.218,	0.825
732.718,	0.824
733.25,	0.824
733.796,	0.823
734.359,	0.824
734.89,	0.824
735.406,	0.823
735.937,	0.824
736.468,	0.824
737.015,	0.824
737.546,	0.824
738.109,	0.824
738.64,	0.824
739.187,	0.824
739.718,	0.824
740.265,	0.824
740.796,	0.824
741.359,	0.824
741.89,	0.824
742.406,	0.824
742.953,	0.824
743.515,	0.824
744.093,	0.824
744.64,	0.824
745.203,	0.824
745.734,	0.824
746.25,	0.824
746.765,	0.823
747.312,	0.824
747.843,	0.824
748.359,	0.824
748.89,	0.824
749.453,	0.824
749.984,	0.824
750.5,	0.824
751.031,	0.824
751.562,	0.825
752.109,	0.824
752.64,	0.824
753.187,	0.824
753.718,	0.824
754.281,	0.824
754.828,	0.824
755.359,	0.824
755.89,	0.824
756.453,	0.824
757,	0.824
757.546,	0.824
758.078,	0.824
758.609,	0.824
759.156,	0.824
759.656,	0.825
760.156,	0.824
760.687,	0.823
761.234,	0.824
761.796,	0.824
762.375,	0.824
762.937,	0.824
763.5,	0.824
764.046,	0.823
764.593,	0.823
765.14,	0.824
765.656,	0.825
766.203,	0.824
766.734,	0.824
767.296,	0.824
767.796,	0.823
768.312,	0.824
768.843,	0.824
769.375,	0.824
769.89,	0.823
770.421,	0.824
770.953,	0.825
771.468,	0.824
772.031,	0.824
772.562,	0.824
773.093,	0.824
773.625,	0.824
774.14,	0.824
774.671,	0.824
775.203,	0.824
775.75,	0.823
776.25,	0.821
776.796,	0.818
777.328,	0.813
777.859,	0.807
778.437,	0.803
778.984,	0.798
779.5,	0.794
780.046,	0.79
780.546,	0.787
781.078,	0.784
781.625,	0.782
782.187,	0.78
782.75,	0.778
783.296,	0.777
783.796,	0.775
784.296,	0.775
784.843,	0.774
785.375,	0.774
785.921,	0.773
786.468,	0.772
786.984,	0.772
787.515,	0.772
788.078,	0.771
788.593,	0.771
789.125,	0.771
789.671,	0.771
790.234,	0.77
790.765,	0.77
791.281,	0.77
791.812,	0.77
792.343,	0.77
792.89,	0.77
793.421,	0.77
793.984,	0.77
794.531,	0.77
795.062,	0.77
795.609,	0.77
796.14,	0.77
796.671,	0.77
797.234,	0.769
797.781,	0.77
798.328,	0.769
798.859,	0.769
799.39,	0.77
799.937,	0.77
800.468,	0.77
801.031,	0.769
801.578,	0.77
802.109,	0.77
802.64,	0.77
803.14,	0.77
803.687,	0.77
804.187,	0.769
804.687,	0.769
805.234,	0.77
805.765,	0.77
806.296,	0.77
806.859,	0.769
807.375,	0.77
807.906,	0.769
808.468,	0.769
809.015,	0.769
809.578,	0.769
810.093,	0.77
810.625,	0.769
811.156,	0.77
811.671,	0.769
812.203,	0.77
812.734,	0.77
813.234,	0.769
813.781,	0.769
814.312,	0.769
814.875,	0.77
815.421,	0.769
815.953,	0.769
816.468,	0.77
816.984,	0.77
817.531,	0.77
818.031,	0.77
818.578,	0.77
819.109,	0.77
819.656,	0.769
820.203,	0.769
820.718,	0.77
821.25,	0.769
821.812,	0.769
822.359,	0.769
822.921,	0.769
823.453,	0.769
823.968,	0.769
824.5,	0.769
825.031,	0.769
825.578,	0.769
826.078,	0.769
826.625,	0.77
827.156,	0.769
827.687,	0.769
828.218,	0.769
828.75,	0.769
829.296,	0.769
829.812,	0.769
830.359,	0.769
830.875,	0.769
831.406,	0.769
831.968,	0.769
832.5,	0.769
833.015,	0.769
833.562,	0.769
834.125,	0.769
834.671,	0.77
835.203,	0.769
835.75,	0.77
836.312,	0.769
836.859,	0.769
837.375,	0.769
837.921,	0.769
838.421,	0.769
838.968,	0.769
839.5,	0.769
840.062,	0.769
840.578,	0.769
841.109,	0.769
841.64,	0.769
842.171,	0.769
842.718,	0.769
843.218,	0.769
843.781,	0.769
844.359,	0.769
844.906,	0.767
845.421,	0.764
845.968,	0.76
846.468,	0.755
847,	0.751
847.546,	0.746
848.109,	0.741
848.64,	0.738
849.156,	0.734
849.687,	0.731
850.218,	0.729
850.765,	0.726
851.265,	0.725
851.765,	0.723
852.296,	0.721
852.843,	0.721
853.406,	0.72
853.937,	0.719
854.484,	0.718
855.015,	0.717
855.515,	0.717
856.062,	0.716
856.593,	0.716
857.14,	0.716
857.703,	0.716
858.25,	0.715
858.765,	0.715
859.312,	0.715
859.812,	0.715
860.343,	0.715
860.89,	0.715
861.453,	0.714
861.984,	0.715
862.5,	0.714
863.031,	0.715
863.562,	0.715
864.109,	0.714
864.609,	0.714
865.14,	0.714
865.703,	0.714
866.218,	0.715
866.75,	0.714
867.281,	0.715
867.796,	0.714
868.328,	0.714
868.859,	0.715
869.39,	0.714
869.906,	0.713
870.437,	0.714
871,	0.715
871.546,	0.714
872.078,	0.715
872.609,	0.714
873.109,	0.715
873.656,	0.715
874.187,	0.715
874.734,	0.714
875.281,	0.714
875.843,	0.715
876.375,	0.714
876.906,	0.714
877.453,	0.715
877.984,	0.714
878.531,	0.714
879.062,	0.714
879.625,	0.714
880.187,	0.714
880.703,	0.714
881.234,	0.714
881.796,	0.714
882.312,	0.714
882.843,	0.714
883.39,	0.714
883.953,	0.714
884.531,	0.714
885.078,	0.714
885.64,	0.714
886.187,	0.714
886.75,	0.714
887.312,	0.714
887.828,	0.714
888.359,	0.714
888.921,	0.714
889.437,	0.714
889.984,	0.714
890.531,	0.714
891.078,	0.714
891.64,	0.714
892.156,	0.714
892.687,	0.713
893.234,	0.714
893.75,	0.715
894.296,	0.714
894.828,	0.715
895.406,	0.714
895.968,	0.714
896.484,	0.714
897.031,	0.714
897.578,	0.714
898.125,	0.714
898.687,	0.714
899.203,	0.714
899.734,	0.714
900.281,	0.714
900.796,	0.715
901.343,	0.714
901.875,	0.715
902.453,	0.714
903,	0.714
903.531,	0.714
904.078,	0.714
904.625,	0.714
905.171,	0.714
905.734,	0.714
906.25,	0.714
906.781,	0.714
907.312,	0.714
907.843,	0.714
908.39,	0.712
908.921,	0.709
909.468,	0.704
910.015,	0.7
910.531,	0.695
911.062,	0.69
911.578,	0.687
912.125,	0.682
912.671,	0.679
913.218,	0.676
913.781,	0.673
914.296,	0.671
914.828,	0.669
915.406,	0.668
915.968,	0.666
916.531,	0.665
917.062,	0.664
917.578,	0.663
918.125,	0.663
918.671,	0.662
919.187,	0.662
919.734,	0.661
920.296,	0.661
920.828,	0.661
921.343,	0.66
921.906,	0.66
922.468,	0.66
923.015,	0.66
923.593,	0.66
924.156,	0.66
924.703,	0.659
925.265,	0.66
925.812,	0.659
926.375,	0.659
926.89,	0.66
927.421,	0.659
927.968,	0.659
928.484,	0.66
929.031,	0.659
929.562,	0.66
930.14,	0.659
930.703,	0.659
931.218,	0.659
931.765,	0.659
932.312,	0.659
932.859,	0.659
933.421,	0.659
933.937,	0.659
934.468,	0.659
935.015,	0.659
935.531,	0.66
936.078,	0.659
936.578,	0.659
937.078,	0.659
937.609,	0.659
938.156,	0.659
938.718,	0.658
939.25,	0.659
939.765,	0.659
940.296,	0.659
940.828,	0.66
941.328,	0.659
941.875,	0.658
942.375,	0.659
942.906,	0.659
943.453,	0.659
944.015,	0.659
944.546,	0.659
945.062,	0.659
945.593,	0.659
946.125,	0.66
946.671,	0.659
947.203,	0.659
947.734,	0.659
948.265,	0.659
948.781,	0.659
949.312,	0.659
949.843,	0.659
950.359,	0.658
950.89,	0.659
951.421,	0.659
951.968,	0.659
952.5,	0.659
953.046,	0.659
953.593,	0.659
954.109,	0.659
954.64,	0.659
955.218,	0.659
955.718,	0.659
956.25,	0.659
956.796,	0.659
957.359,	0.658
957.89,	0.659
958.406,	0.658
958.937,	0.659
959.468,	0.659
959.968,	0.659
960.515,	0.659
961.046,	0.659
961.609,	0.658
962.125,	0.659
962.656,	0.659
963.218,	0.659
963.796,	0.659
964.359,	0.659
964.906,	0.659
965.453,	0.659
965.984,	0.659
966.515,	0.66
967.015,	0.659
967.546,	0.659
968.093,	0.659
968.656,	0.658
969.156,	0.659
969.703,	0.658
970.265,	0.659
970.843,	0.658
971.406,	0.658
971.953,	0.658
972.5,	0.659
973.031,	0.659
973.562,	0.659
974.14,	0.658
974.687,	0.658
975.25,	0.659
975.781,	0.659
976.312,	0.658
976.812,	0.659
977.359,	0.659
977.859,	0.658
978.39,	0.659
978.937,	0.659
979.5,	0.658
980.031,	0.659
980.546,	0.658
981.078,	0.657
981.609,	0.656
982.156,	0.652
982.687,	0.648
983.25,	0.642
983.765,	0.638
984.328,	0.633
984.89,	0.628
985.406,	0.625
985.937,	0.622
986.5,	0.619
987.015,	0.616
987.546,	0.614
988.093,	0.613
988.656,	0.611
989.234,	0.609
989.781,	0.608
990.343,	0.607
990.875,	0.607
991.39,	0.606
991.906,	0.605
992.453,	0.605
992.953,	0.604
993.484,	0.604
994.031,	0.604
994.593,	0.603
995.171,	0.603
995.734,	0.603
996.296,	0.603
996.828,	0.603
997.39,	0.602
997.921,	0.602
998.453,	0.603
999,	0.603
999.5,	0.602
1000,	0.603
1000.53,	0.602
1001.08,	0.603
1001.64,	0.602
1002.16,	0.602
1002.69,	0.602
1003.22,	0.602
1003.75,	0.603
1004.3,	0.602
1004.8,	0.602
1005.33,	0.602
1005.88,	0.601
1006.41,	0.602
1006.94,	0.602
1007.52,	0.602
1008.08,	0.602
1008.64,	0.602
1009.19,	0.602
1009.73,	0.602
1010.27,	0.602
1010.8,	0.603
1011.34,	0.602
1011.88,	0.603
1012.44,	0.602
1012.95,	0.602
1013.52,	0.602
1014.06,	0.602
1014.63,	0.602
1015.17,	0.602
1015.73,	0.602
1016.25,	0.602
1016.78,	0.602
1017.31,	0.602
1017.84,	0.603
1018.39,	0.602
1018.89,	0.602
1019.39,	0.602
1019.92,	0.602
1020.47,	0.602
1021.03,	0.602
1021.56,	0.602
1022.08,	0.602
1022.61,	0.602
1023.14,	0.603
1023.69,	0.602
1024.22,	0.603
1024.77,	0.602
1025.3,	0.603
1025.86,	0.602
1026.42,	0.602
1026.94,	0.602
1027.47,	0.602
1028.03,	0.602
1028.58,	0.602
1029.13,	0.602
1029.66,	0.602
1030.19,	0.603
1030.69,	0.602
1031.23,	0.602
1031.73,	0.602
1032.27,	0.602
1032.81,	0.602
1033.38,	0.602
1033.91,	0.602
1034.44,	0.603
1034.98,	0.602
1035.48,	0.603
1036.03,	0.602
1036.56,	0.603
1037.11,	0.602
1037.67,	0.602
1038.22,	0.602
1038.73,	0.602
1039.28,	0.602
1039.81,	0.602
1040.38,	0.601
1040.89,	0.6
1041.42,	0.598
1042,	0.594
1042.56,	0.589
1043.13,	0.584
1043.67,	0.58
1044.22,	0.575
1044.75,	0.571
1045.28,	0.568
1045.83,	0.565
1046.33,	0.562
1046.83,	0.56
1047.36,	0.558
1047.91,	0.557
1048.47,	0.555
1049,	0.554
1049.52,	0.552
1050.05,	0.552
1050.58,	0.551
1051.08,	0.55
1051.61,	0.549
1052.16,	0.549
1052.72,	0.548
1053.23,	0.548
1053.77,	0.548
1054.3,	0.548
1054.83,	0.548
1055.38,	0.548
1055.88,	0.548
1056.42,	0.547
1056.95,	0.547
1057.5,	0.547
1058.05,	0.547
1058.56,	0.547
1059.09,	0.546
1059.66,	0.546
1060.17,	0.547
1060.72,	0.547
1061.27,	0.547
1061.81,	0.546
1062.34,	0.546
1062.88,	0.547
1063.42,	0.546
1063.92,	0.547
1064.47,	0.547
1065,	0.547
1065.55,	0.547
1066.11,	0.546
1066.66,	0.546
1067.17,	0.546
1067.7,	0.546
1068.22,	0.546
1068.75,	0.546
1069.3,	0.546
1069.86,	0.546
1070.39,	0.546
1070.91,	0.546
1071.44,	0.546
1071.97,	0.547
1072.52,	0.546
1073.05,	0.546
1073.56,	0.547
1074.11,	0.546
1074.63,	0.546
1075.16,	0.546
1075.69,	0.546
1076.22,	0.547
1076.77,	0.546
1077.27,	0.547
1077.81,	0.547
1078.34,	0.547
1078.89,	0.546
1079.44,	0.546
1079.95,	0.546
1080.48,	0.546
1081.06,	0.546
1081.59,	0.546
1082.16,	0.546
1082.67,	0.546
1083.2,	0.546
1083.73,	0.546
1084.25,	0.546
1084.78,	0.546
1085.31,	0.547
1085.81,	0.546
1086.36,	0.546
1086.86,	0.546
1087.39,	0.546
1087.94,	0.546
1088.5,	0.546
1089.06,	0.546
1089.64,	0.546
1090.2,	0.546
1090.75,	0.546
1091.3,	0.546
1091.83,	0.546
1092.36,	0.547
1092.91,	0.546
1093.44,	0.546
1094,	0.546
1094.5,	0.546
1095.02,	0.546
1095.55,	0.546
1096.09,	0.546
1096.61,	0.547
1097.16,	0.546
1097.66,	0.546
1098.16,	0.546
1098.69,	0.546
1099.23,	0.546
1099.8,	0.545
1100.31,	0.546
1100.84,	0.545
1101.38,	0.546
1101.91,	0.546
1102.45,	0.546
1102.95,	0.546
1103.45,	0.546
1103.98,	0.545
1104.48,	0.546
1105.05,	0.546
1105.58,	0.546
1106.09,	0.546
1106.64,	0.546
1107.2,	0.546
1107.75,	0.546
1108.28,	0.546
1108.83,	0.546
1109.38,	0.546
1109.89,	0.546
1110.42,	0.546
1110.94,	0.546
1111.48,	0.546
1112,	0.546
1112.53,	0.546
1113.09,	0.546
1113.63,	0.546
1114.19,	0.545
1114.72,	0.545
1115.25,	0.546
1115.8,	0.546
1116.3,	0.546
1116.8,	0.546
1117.33,	0.545
1117.88,	0.546
1118.44,	0.545
1118.97,	0.546
1119.48,	0.545
1120.02,	0.546
1120.55,	0.546
1121.09,	0.546
1121.63,	0.546
1122.16,	0.545
1122.69,	0.545
1123.2,	0.546
1123.73,	0.545
1124.3,	0.546
1124.8,	0.546
1125.34,	0.546
1125.88,	0.546
1126.42,	0.546
1126.97,	0.545
1127.53,	0.546
1128.06,	0.546
1128.59,	0.545
1129.14,	0.546
1129.7,	0.546
1130.23,	0.546
1130.75,	0.546
1131.31,	0.546
1131.88,	0.545
1132.39,	0.546
1132.92,	0.545
1133.48,	0.545
1134.02,	0.546
1134.58,	0.545
1135.11,	0.546
1135.64,	0.546
1136.19,	0.546
1136.69,	0.546
1137.22,	0.545
1137.78,	0.545
1138.3,	0.545
1138.83,	0.545
1139.36,	0.545
1139.88,	0.545
1140.41,	0.545
1140.94,	0.546
1141.47,	0.545
1142.02,	0.546
1142.56,	0.545
1143.09,	0.546
1143.66,	0.545
1144.22,	0.545
1144.73,	0.546
1145.27,	0.545
1145.83,	0.545
1146.38,	0.545
1146.92,	0.545
1147.45,	0.545
1147.98,	0.546
1148.48,	0.545
1149.06,	0.546
1149.63,	0.546
1150.14,	0.546
1150.7,	0.545
1151.23,	0.545
1151.78,	0.545
1152.31,	0.545
1152.88,	0.545
1153.42,	0.545
1153.97,	0.545
1154.5,	0.545
1155.03,	0.546
1155.58,	0.546
1156.11,	0.546
1156.66,	0.545
1157.22,	0.545
1157.78,	0.545
1158.28,	0.546
1158.83,	0.546
1159.33,	0.545
1159.86,	0.545
1160.41,	0.546
1160.97,	0.545
1161.55,	0.545
1162.11,	0.545
1162.61,	0.545
1163.16,	0.545
1163.67,	0.546
1164.22,	0.545
1164.77,	0.545
1165.31,	0.545
1165.88,	0.545
1166.44,	0.545
1166.97,	0.546
1167.48,	0.545
1168.05,	0.545
1168.56,	0.545
1169.11,	0.545
1169.66,	0.545
1170.2,	0.545
1170.77,	0.545
1171.36,	0.545
1171.91,	0.545
1172.42,	0.544
1172.95,	0.542
1173.52,	0.538
1174.03,	0.534
1174.56,	0.53
1175.11,	0.525
1175.67,	0.521
1176.22,	0.516
1176.75,	0.513
1177.3,	0.509
1177.84,	0.506
1178.36,	0.504
1178.89,	0.501
1179.45,	0.499
1179.97,	0.497
1180.5,	0.496
1181.05,	0.495
1181.61,	0.494
1182.14,	0.493
1182.66,	0.492
1183.19,	0.492
1183.72,	0.492
1184.27,	0.491
1184.77,	0.49
1185.3,	0.49
1185.86,	0.489
1186.38,	0.489
1186.91,	0.489
1187.47,	0.489
1187.97,	0.489
1188.52,	0.489
1189.02,	0.489
1189.59,	0.489
1190.14,	0.488
1190.7,	0.488
1191.23,	0.488
1191.77,	0.487
1192.27,	0.488
1192.8,	0.488
1193.34,	0.488
1193.91,	0.488
1194.42,	0.488
1194.95,	0.488
1195.48,	0.488
1196,	0.488
1196.53,	0.488
1197.06,	0.489
1197.59,	0.488
1198.14,	0.487
1198.64,	0.488
1199.2,	0.488
1199.72,	0.488
1200.25,	0.487
1200.81,	0.488
1201.39,	0.488
1201.95,	0.488
1202.5,	0.488
1203.05,	0.487
1203.58,	0.488
1204.11,	0.488
1204.66,	0.488
1205.19,	0.488
1205.75,	0.488
1206.27,	0.488
1206.83,	0.488
1207.36,	0.488
1207.91,	0.488
1208.44,	0.488
1209,	0.488
1209.55,	0.488
1210.09,	0.487
1210.63,	0.488
1211.16,	0.488
1211.7,	0.488
1212.23,	0.488
1212.78,	0.488
1213.31,	0.488
1213.88,	0.488
1214.44,	0.488
1214.95,	0.488
1215.48,	0.488
1216,	0.488
1216.55,	0.488
1217.09,	0.488
1217.64,	0.488
1218.2,	0.488
1218.75,	0.488
1219.28,	0.488
1219.81,	0.488
1220.39,	0.487
1220.94,	0.488
1221.45,	0.488
1222,	0.488
1222.5,	0.488
1223.03,	0.488
1223.58,	0.488
1224.14,	0.487
1224.67,	0.488
1225.19,	0.487
1225.72,	0.488
1226.25,	0.488
1226.8,	0.488
1227.3,	0.488
1227.83,	0.488
1228.39,	0.487
1228.91,	0.487
1229.44,	0.487
1229.97,	0.487
1230.52,	0.488
1231.05,	0.487
1231.55,	0.488
1232.09,	0.487
1232.63,	0.488
1233.17,	0.487
1233.73,	0.487
1234.28,	0.487
1234.8,	0.488
1235.34,	0.487
1235.84,	0.488
1236.38,	0.488
1236.92,	0.488
1237.48,	0.487
1238.02,	0.487
1238.53,	0.487
1239.06,	0.487
1239.59,	0.488
1240.14,	0.488
1240.67,	0.488
1241.25,	0.487
1241.81,	0.487
1242.38,	0.488
1242.89,	0.487
1243.42,	0.487
1243.97,	0.488
1244.53,	0.487
1245.11,	0.488
1245.64,	0.487
1246.14,	0.488
1246.64,	0.488
1247.19,	0.488
1247.72,	0.488
1248.25,	0.488
1248.78,	0.488
1249.3,	0.488
1249.86,	0.488
1250.42,	0.488
1250.97,	0.488
1251.55,	0.488
1252.11,	0.488
1252.66,	0.487
1253.22,	0.488
1253.77,	0.488
1254.33,	0.487
1254.91,	0.488
1255.47,	0.487
1255.98,	0.487
1256.52,	0.485
1257.08,	0.481
1257.59,	0.477
1258.13,	0.473
1258.67,	0.469
1259.23,	0.465
1259.81,	0.46
1260.36,	0.456
1260.92,	0.452
1261.45,	0.45
1261.98,	0.446
1262.53,	0.445
1263.06,	0.442
1263.61,	0.441
1264.14,	0.44
1264.69,	0.438
1265.23,	0.436
1265.78,	0.436
1266.31,	0.434
1266.88,	0.434
1267.41,	0.433
1267.97,	0.432
1268.5,	0.432
1269.03,	0.432
1269.58,	0.432
1270.11,	0.431
1270.63,	0.431
1271.17,	0.43
1271.69,	0.431
1272.22,	0.43
1272.75,	0.43
1273.27,	0.43
1273.8,	0.43
1274.33,	0.431
1274.88,	0.43
1275.41,	0.43
1275.97,	0.43
1276.48,	0.43
1277.05,	0.43
1277.58,	0.429
1278.13,	0.43
1278.66,	0.43
1279.22,	0.43
1279.75,	0.43
1280.31,	0.429
1280.84,	0.43
1281.38,	0.43
1281.92,	0.43
1282.42,	0.43
1282.95,	0.43
1283.52,	0.429
1284.03,	0.43
1284.56,	0.429
1285.09,	0.429
1285.63,	0.43
1286.17,	0.429
1286.67,	0.43
1287.22,	0.43
1287.75,	0.43
1288.3,	0.429
1288.84,	0.429
1289.36,	0.429
1289.89,	0.429
1290.45,	0.429
1291,	0.429
1291.56,	0.429
1292.08,	0.429
1292.61,	0.429
1293.13,	0.429
1293.66,	0.429
1294.19,	0.429
1294.72,	0.429
1295.27,	0.43
1295.8,	0.429
1296.36,	0.429
1296.88,	0.43
1297.44,	0.429
1297.97,	0.429
1298.52,	0.429
1299.05,	0.429
1299.56,	0.429
1300.09,	0.429
1300.66,	0.429
1301.2,	0.429
1301.77,	0.429
1302.31,	0.429
1302.84,	0.43
1303.38,	0.429
1303.91,	0.43
1304.42,	0.429
1304.98,	0.429
1305.5,	0.429
1306.05,	0.429
1306.56,	0.429
1307.09,	0.429
1307.66,	0.429
1308.17,	0.429
1308.7,	0.429
1309.25,	0.429
1309.81,	0.429
1310.36,	0.429
1310.86,	0.43
1311.42,	0.429
1311.95,	0.43
1312.47,	0.429
1313.03,	0.429
1313.55,	0.429
1314.06,	0.429
1314.61,	0.429
1315.14,	0.429
1315.7,	0.429
1316.25,	0.429
1316.8,	0.429
1317.33,	0.429
1317.86,	0.43
1318.41,	0.429
1318.91,	0.429
1319.41,	0.429
1319.94,	0.429
1320.48,	0.429
1321.05,	0.429
1321.58,	0.429
1322.09,	0.429
1322.63,	0.429
1323.16,	0.429
1323.66,	0.429
1324.17,	0.429
1324.7,	0.429
1325.25,	0.429
1325.8,	0.429
1326.34,	0.428
1326.88,	0.429
1327.39,	0.428
1327.91,	0.429
1328.45,	0.429
1329,	0.429
1329.53,	0.43
1330.08,	0.429
1330.63,	0.429
1331.14,	0.429
1331.67,	0.429
1332.23,	0.429
1332.78,	0.429
1333.34,	0.429
1333.86,	0.429
1334.39,	0.428
1334.92,	0.429
1335.47,	0.43
1336,	0.429
1336.5,	0.429
1337.05,	0.429
1337.58,	0.429
1338.13,	0.429
1338.69,	0.429
1339.23,	0.428
1339.75,	0.427
1340.3,	0.424
1340.8,	0.42
1341.33,	0.416
1341.88,	0.412
1342.44,	0.407
1342.95,	0.403
1343.48,	0.399
1344.02,	0.395
1344.55,	0.392
1345.09,	0.39
1345.59,	0.386
1346.13,	0.385
1346.69,	0.382
1347.2,	0.381
1347.73,	0.379
1348.27,	0.378
1348.78,	0.376
1349.3,	0.376
1349.84,	0.375
1350.39,	0.374
1350.92,	0.374
1351.47,	0.372
1352.02,	0.372
1352.53,	0.372
1353.06,	0.371
1353.58,	0.371
1354.13,	0.371
1354.64,	0.37
1355.17,	0.37
1355.73,	0.37
1356.28,	0.37
1356.83,	0.369
1357.36,	0.37
1357.89,	0.37
1358.47,	0.369
1359.02,	0.369
1359.58,	0.369
1360.11,	0.369
1360.64,	0.368
1361.19,	0.369
1361.73,	0.368
1362.28,	0.369
1362.8,	0.369
1363.36,	0.369
1363.91,	0.369
1364.47,	0.369
1365.02,	0.369
1365.58,	0.368
1366.09,	0.369
1366.63,	0.368
1367.17,	0.369
1367.69,	0.369
1368.23,	0.369
1368.73,	0.369
1369.23,	0.369
1369.77,	0.369
1370.31,	0.369
1370.88,	0.368
1371.41,	0.368
1371.92,	0.368
1372.45,	0.369
1372.98,	0.369
1373.53,	0.369
1374.03,	0.368
1374.56,	0.368
1375.13,	0.368
1375.64,	0.369
1376.17,	0.368
1376.7,	0.368
1377.22,	0.368
1377.75,	0.369
1378.28,	0.369
1378.83,	0.369
1379.36,	0.369
1379.91,	0.368
1380.47,	0.368
1381.02,	0.368
1381.53,	0.368
1382.08,	0.369
1382.58,	0.368
1383.11,	0.368
1383.66,	0.368
1384.22,	0.368
1384.75,	0.368
1385.27,	0.368
1385.8,	0.369
1386.33,	0.369
1386.88,	0.369
1387.41,	0.368
1387.94,	0.368
1388.47,	0.368
1388.98,	0.368
1389.52,	0.368
1390.03,	0.369
1390.56,	0.368
1391.08,	0.368
1391.63,	0.368
1392.17,	0.369
1392.7,	0.369
1393.25,	0.368
1393.8,	0.368
1394.31,	0.368
1394.84,	0.368
1395.36,	0.368
1395.91,	0.368
1396.42,	0.368
1396.95,	0.368
1397.52,	0.368
1398.03,	0.368
1398.56,	0.369
1399.11,	0.368
1399.67,	0.369
1400.22,	0.368
1400.75,	0.369
1401.3,	0.368
1401.84,	0.368
1402.36,	0.368
1402.91,	0.368
1403.47,	0.368
1404,	0.368
1404.58,	0.369
1405.14,	0.368
1405.69,	0.368
1406.25,	0.368
1406.8,	0.368
1407.36,	0.368
1407.89,	0.368
1408.41,	0.368
1408.95,	0.368
1409.47,	0.369
1410.02,	0.368
1410.52,	0.368
1411.02,	0.368
1411.55,	0.368
1412.09,	0.368
1412.66,	0.368
1413.19,	0.368
1413.7,	0.368
1414.23,	0.368
1414.77,	0.368
1415.31,	0.368
1415.84,	0.368
1416.41,	0.368
1416.92,	0.368
1417.48,	0.368
1418.02,	0.366
1418.56,	0.364
1419.09,	0.36
1419.66,	0.356
1420.2,	0.352
1420.75,	0.347
1421.3,	0.343
1421.81,	0.339
1422.36,	0.336
1422.89,	0.333
1423.45,	0.329
1423.97,	0.326
1424.5,	0.324
1425.03,	0.322
1425.55,	0.319
1426.08,	0.318
1426.61,	0.316
1427.11,	0.315
1427.66,	0.313
1428.19,	0.313
1428.7,	0.311
1429.22,	0.311
1429.75,	0.31
1430.27,	0.31
1430.83,	0.308
1431.36,	0.308
1431.91,	0.308
1432.44,	0.307
1432.95,	0.307
1433.48,	0.307
1434.05,	0.306
1434.56,	0.306
1435.09,	0.306
1435.63,	0.306
1436.16,	0.305
1436.66,	0.306
1437.2,	0.306
1437.73,	0.305
1438.3,	0.305
1438.81,	0.306
1439.34,	0.305
1439.88,	0.305
1440.39,	0.305
1440.92,	0.305
1441.45,	0.306
1442,	0.305
1442.53,	0.306
1443.08,	0.305
1443.63,	0.305
1444.14,	0.305
1444.67,	0.305
1445.19,	0.305
1445.73,	0.305
1446.25,	0.305
1446.78,	0.305
1447.34,	0.305
1447.88,	0.305
1448.44,	0.304
1448.97,	0.305
1449.5,	0.305
1450.05,	0.305
1450.58,	0.305
1451.14,	0.305
1451.66,	0.306
1452.22,	0.305
1452.75,	0.305
1453.25,	0.304
1453.8,	0.305
1454.3,	0.305
1454.8,	0.305
1455.34,	0.305
1455.88,	0.305
1456.42,	0.305
1456.98,	0.305
1457.55,	0.305
1458.05,	0.305
1458.59,	0.305
1459.09,	0.304
1459.63,	0.305
1460.17,	0.305
1460.73,	0.304
1461.27,	0.305
1461.78,	0.304
1462.31,	0.304
1462.84,	0.305
1463.42,	0.304
1463.97,	0.305
1464.53,	0.304
1465.06,	0.304
1465.59,	0.304
1466.09,	0.304
1466.64,	0.304
1467.14,	0.304
1467.69,	0.304
1468.22,	0.304
1468.78,	0.304
1469.3,	0.304
1469.83,	0.304
1470.36,	0.304
1470.89,	0.305
1471.39,	0.304
1471.94,	0.304
1472.44,	0.304
1472.97,	0.304
1473.52,	0.304
1474.05,	0.304
1474.58,	0.304
1475.13,	0.304
1475.66,	0.304
1476.19,	0.305
1476.73,	0.304
1477.27,	0.305
1477.77,	0.304
1478.31,	0.305
1478.84,	0.304
1479.41,	0.304
1479.92,	0.304
1480.47,	0.304
1480.98,	0.304
1481.52,	0.304
1482.08,	0.304
1482.61,	0.304
1483.17,	0.304
1483.7,	0.304
1484.23,	0.304
1484.73,	0.304
1485.28,	0.304
1485.78,	0.304
1486.36,	0.305
1486.92,	0.304
1487.45,	0.304
1487.98,	0.304
1488.53,	0.304
1489.03,	0.304
1489.53,	0.305
1490.08,	0.304
1490.61,	0.305
1491.16,	0.304
1491.7,	0.304
1492.22,	0.304
1492.75,	0.304
1493.31,	0.304
1493.86,	0.304
1494.42,	0.304
1494.94,	0.304
1495.47,	0.303
1496,	0.304
1496.52,	0.303
1497.05,	0.304
1497.58,	0.305
1498.08,	0.304
1498.66,	0.304
1499.22,	0.304
1499.73,	0.304
1500.3,	0.304
1500.86,	0.304
1501.38,	0.304
1501.91,	0.304
1502.47,	0.304
1503.02,	0.304
1503.56,	0.303
1504.09,	0.304
1504.63,	0.304
1505.17,	0.304
1505.7,	0.304
1506.25,	0.304
1506.8,	0.304
1507.31,	0.304
1507.84,	0.304
1508.36,	0.304
1508.91,	0.304
1509.42,	0.304
1509.95,	0.304
1510.52,	0.304
1511.05,	0.304
1511.61,	0.303
1512.14,	0.304
1512.67,	0.304
1513.22,	0.304
1513.72,	0.304
1514.25,	0.304
1514.8,	0.304
1515.36,	0.304
1515.89,	0.304
1516.42,	0.304
1516.97,	0.304
1517.47,	0.304
1517.97,	0.304
1518.52,	0.304
1519.05,	0.304
1519.59,	0.304
1520.16,	0.304
1520.7,	0.304
1521.22,	0.304
1521.77,	0.304
1522.27,	0.304
1522.8,	0.304
1523.34,	0.304
1523.91,	0.303
1524.44,	0.304
1524.95,	0.303
1525.48,	0.304
1526.02,	0.304
1526.59,	0.304
1527.14,	0.304
1527.7,	0.304
1528.25,	0.304
1528.81,	0.303
1529.36,	0.304
1529.89,	0.304
1530.42,	0.304
1530.98,	0.304
1531.5,	0.304
1532.05,	0.304
1532.59,	0.304
1533.14,	0.304
1533.7,	0.303
1534.22,	0.304
1534.75,	0.303
1535.28,	0.304
1535.8,	0.303
1536.31,	0.304
1536.86,	0.303
1537.41,	0.304
1537.94,	0.304
1538.48,	0.304
1539.05,	0.304
1539.59,	0.304
1540.11,	0.304
1540.64,	0.304
1541.19,	0.304
1541.75,	0.303
1542.27,	0.304
1542.8,	0.303
1543.36,	0.303
1543.91,	0.304
1544.44,	0.303
1544.98,	0.304
1545.5,	0.304
1546.03,	0.304
1546.59,	0.303
1547.13,	0.304
1547.66,	0.303
1548.2,	0.304
1548.73,	0.303
1549.28,	0.303
1549.81,	0.304
1550.38,	0.303
1550.91,	0.304
1551.45,	0.304
1551.98,	0.304
1552.55,	0.303
1553.06,	0.303
1553.59,	0.304
1554.14,	0.303
1554.69,	0.303
1555.2,	0.304
1555.7,	0.303
1556.25,	0.304
1556.8,	0.303
1557.34,	0.304
1557.84,	0.303
1558.36,	0.304
1558.89,	0.303
1559.42,	0.303
1559.94,	0.303
1560.47,	0.303
1561,	0.304
1561.55,	0.303
1562.05,	0.303
1562.55,	0.303
1563.08,	0.303
1563.63,	0.303
1564.19,	0.303
1564.72,	0.303
1565.25,	0.304
1565.8,	0.303
1566.3,	0.304
1566.84,	0.303
1567.38,	0.304
1567.92,	0.303
1568.48,	0.303
1569.03,	0.303
1569.55,	0.303
1570.08,	0.303
1570.59,	0.303
1571.13,	0.303
1571.67,	0.303
1572.23,	0.302
1572.77,	0.303
1573.28,	0.302
1573.81,	0.303
1574.34,	0.303
1574.84,	0.303
1575.39,	0.303
1575.89,	0.303
1576.42,	0.303
1576.97,	0.303
1577.53,	0.302
1578.06,	0.303
1578.59,	0.303
1579.14,	0.303
1579.64,	0.303
1580.19,	0.303
1580.72,	0.304
1581.25,	0.303
1581.81,	0.303
1582.33,	0.303
1582.86,	0.303
1583.44,	0.303
1583.97,	0.303
1584.53,	0.303
1585.05,	0.303
1585.58,	0.303
1586.11,	0.303
1586.64,	0.303
1587.19,	0.303
1587.69,	0.304
1588.23,	0.303
1588.77,	0.304
1589.31,	0.303
1589.86,	0.303
1590.38,	0.303
1590.91,	0.303
1591.42,	0.303
1591.94,	0.303
1592.48,	0.303
1593.02,	0.303
1593.53,	0.303
1594.06,	0.303
1594.63,	0.303
1595.17,	0.303
1595.73,	0.304
1596.28,	0.303
1596.81,	0.304
1597.36,	0.303
1597.92,	0.303
1598.47,	0.303
1598.98,	0.303
1599.56,	0.302
1600.09,	0.303
1600.64,	0.303
1601.2,	0.301
1601.75,	0.298
1602.31,	0.294
1602.86,	0.291
1603.42,	0.286
1603.94,	0.282
1604.47,	0.278
1605.02,	0.275
1605.53,	0.271
1606.08,	0.268
1606.58,	0.265
1607.08,	0.262
1607.66,	0.259
1608.22,	0.257
1608.8,	0.254
1609.36,	0.252
1609.91,	0.25
1610.47,	0.248
1610.97,	0.247
1611.52,	0.245
1612.06,	0.245
1612.58,	0.244
1613.13,	0.243
1613.63,	0.242
1614.16,	0.242
1614.7,	0.241
1615.23,	0.241
1615.77,	0.239
1616.3,	0.24
1616.81,	0.239
1617.34,	0.239
1617.88,	0.239
1618.41,	0.238
1618.95,	0.238
1619.53,	0.238
1620.09,	0.238
1620.66,	0.238
1621.17,	0.238
1621.7,	0.237
1622.25,	0.237
1622.81,	0.237
1623.34,	0.237
1623.86,	0.237
1624.39,	0.237
1624.92,	0.237
1625.47,	0.237
1625.97,	0.237
1626.47,	0.237
1627,	0.237
1627.55,	0.237
1628.11,	0.236
1628.64,	0.237
1629.16,	0.236
1629.69,	0.237
1630.22,	0.237
1630.72,	0.237
1631.27,	0.236
1631.8,	0.237
1632.36,	0.236
1632.88,	0.237
1633.41,	0.236
1633.94,	0.237
1634.47,	0.237
1635.02,	0.237
1635.52,	0.237
1636.06,	0.236
1636.59,	0.237
1637.11,	0.236
1637.61,	0.236
1638.13,	0.236
1638.66,	0.236
1639.17,	0.236
1639.7,	0.236
1640.25,	0.236
1640.77,	0.237
1641.27,	0.236
1641.81,	0.236
1642.34,	0.236
1642.89,	0.236
1643.45,	0.236
1643.97,	0.237
1644.5,	0.236
1645.03,	0.237
1645.56,	0.236
1646.14,	0.236
1646.69,	0.236
1647.22,	0.236
1647.75,	0.236
1648.28,	0.236
1648.81,	0.235
1649.36,	0.236
1649.86,	0.235
1650.36,	0.236
1650.89,	0.236
1651.44,	0.236
1652,	0.235
1652.52,	0.236
1653.05,	0.235
1653.58,	0.236
1654.11,	0.236
1654.66,	0.236
1655.16,	0.236
1655.66,	0.236
1656.19,	0.236
1656.73,	0.236
1657.3,	0.236
1657.83,	0.236
1658.34,	0.235
1658.88,	0.236
1659.41,	0.236
1659.95,	0.236
1660.45,	0.236
1660.95,	0.236
1661.48,	0.236
1662.03,	0.236
1662.59,	0.235
1663.11,	0.236
1663.64,	0.235
1664.17,	0.236
1664.7,	0.237
1665.25,	0.236
1665.78,	0.236
1666.33,	0.236
1666.88,	0.236
1667.39,	0.236
1667.92,	0.236
1668.44,	0.236
1668.98,	0.236
1669.5,	0.236
1670.03,	0.236
1670.55,	0.236
1671.09,	0.236
1671.64,	0.236
1672.19,	0.236
1672.75,	0.236
1673.33,	0.236
1673.88,	0.236
1674.44,	0.236
1674.97,	0.236
1675.5,	0.235
1676.05,	0.236
1676.55,	0.235
1677.08,	0.236
1677.59,	0.236
1678.13,	0.235
1678.69,	0.233
1679.2,	0.231
1679.73,	0.228
1680.27,	0.225
1680.8,	0.222
1681.34,	0.217
1681.84,	0.214
1682.38,	0.209
1682.92,	0.206
1683.45,	0.201
1683.98,	0.198
1684.53,	0.195
1685.08,	0.192
1685.63,	0.189
1686.17,	0.186
1686.73,	0.183
1687.23,	0.181
1687.78,	0.178
1688.31,	0.177
1688.84,	0.175
1689.34,	0.174
1689.89,	0.172
1690.42,	0.171
1690.97,	0.17
1691.53,	0.169
1692.03,	0.167
1692.53,	0.167
1693.08,	0.166
1693.61,	0.166
1694.14,	0.165
1694.69,	0.164
1695.22,	0.164
1695.77,	0.163
1696.31,	0.163
1696.83,	0.162
1697.36,	0.162
1697.88,	0.162
1698.41,	0.162
1698.94,	0.161
1699.47,	0.161
1700.03,	0.161
1700.55,	0.161
1701.08,	0.161
1701.63,	0.16
1702.17,	0.16
1702.69,	0.16
1703.19,	0.16
1703.69,	0.16
1704.23,	0.16
1704.73,	0.16
1705.27,	0.16
1705.81,	0.16
1706.38,	0.159
1706.95,	0.16
1707.52,	0.16
1708.03,	0.16
1708.56,	0.16
1709.13,	0.159
1709.67,	0.159
1710.22,	0.159
1710.73,	0.159
1711.28,	0.159
1711.83,	0.159
1712.36,	0.16
1712.91,	0.159
1713.45,	0.159
1713.97,	0.159
1714.5,	0.159
1715.06,	0.159
1715.61,	0.159
1716.17,	0.158
1716.67,	0.159
1717.22,	0.158
1717.72,	0.159
1718.27,	0.158
1718.78,	0.159
1719.33,	0.158
1719.88,	0.159
1720.41,	0.159
1720.95,	0.159
1721.5,	0.159
1722.02,	0.159
1722.56,	0.159
1723.11,	0.159
1723.63,	0.159
1724.16,	0.159
1724.7,	0.159
1725.27,	0.158
1725.77,	0.159
1726.31,	0.158
1726.84,	0.159
1727.38,	0.159
1727.92,	0.159
1728.45,	0.159
1728.98,	0.159
1729.52,	0.159
1730.03,	0.159
1730.56,	0.159
1731.09,	0.159
1731.66,	0.159
1732.17,	0.159
1732.7,	0.159
1733.27,	0.159
1733.78,	0.159
1734.31,	0.159
1734.86,	0.159
1735.42,	0.159
1735.97,	0.159
1736.5,	0.159
1737.03,	0.159
1737.55,	0.159
1738.08,	0.159
1738.61,	0.159
1739.16,	0.158
1739.7,	0.159
1740.22,	0.158
1740.75,	0.159
1741.31,	0.159
1741.83,	0.159
1742.36,	0.158
1742.91,	0.158
1743.45,	0.158
1743.97,	0.158
1744.52,	0.158
1745.06,	0.158
1745.59,	0.159
1746.13,	0.158
1746.69,	0.159
1747.25,	0.158
1747.8,	0.158
1748.38,	0.158
1748.92,	0.158
1749.48,	0.159
1750.06,	0.158
1750.56,	0.158
1751.09,	0.158
1751.63,	0.158
1752.16,	0.158
1752.7,	0.158
1753.25,	0.158
1753.8,	0.158
1754.31,	0.157
1754.86,	0.157
1755.39,	0.154
1755.94,	0.151
1756.5,	0.147
1757.05,	0.142
1757.56,	0.137
1758.09,	0.132
1758.61,	0.128
1759.14,	0.123
1759.69,	0.118
1760.25,	0.113
1760.78,	0.109
1761.3,	0.105
1761.81,	0.101
1762.36,	0.097
1762.91,	0.094
1763.44,	0.091
1763.95,	0.088
1764.47,	0.085
1765,	0.082
1765.52,	0.079
1766.08,	0.077
1766.61,	0.074
1767.11,	0.072
1767.61,	0.07
1768.16,	0.068
1768.66,	0.066
1769.19,	0.064
1769.73,	0.062
1770.28,	0.061
1770.83,	0.059
1771.34,	0.058
1771.88,	0.056
1772.44,	0.055
1772.95,	0.054
1773.48,	0.053
1774.03,	0.052
1774.59,	0.05
1775.13,	0.049
1775.64,	0.048
1776.17,	0.048
1776.7,	0.047
1777.25,	0.046
1777.78,	0.045
1778.33,	0.045
1778.88,	0.044
1779.39,	0.043
1779.94,	0.043
1780.48,	0.042
1781,	0.042
1781.53,	0.041
1782.08,	0.041
1782.64,	0.04
1783.22,	0.04
1783.78,	0.039
1784.3,	0.039
1784.83,	0.038
1785.38,	0.038
1785.91,	0.038
1786.44,	0.038
1786.97,	0.037
1787.48,	0.037
1788,	0.037
1788.55,	0.036
1789.08,	0.036
1789.59,	0.036
1790.13,	0.036
1790.69,	0.035
1791.22,	0.036
1791.73,	0.035
1792.27,	0.035
1792.8,	0.035
1793.34,	0.035
1793.84,	0.035
1794.34,	0.035
1794.89,	0.034
1795.42,	0.034
1795.95,	0.034
1796.53,	0.034
1797.09,	0.034
1797.59,	0.034
1798.14,	0.034
1798.67,	0.034
1799.2,	0.034
1799.72,	0.034
1800.27,	0.034
1800.78,	0.034
1801.31,	0.033
1801.88,	0.033
1802.39,	0.034
1802.92,	0.033
1803.47,	0.033
1804.03,	0.033
1804.53,	0.033
1805.08,	0.033
1805.61,	0.033
1806.14,	0.033
1806.69,	0.033
1807.19,	0.033
1807.72,	0.033
1808.27,	0.033
1808.8,	0.033
1809.33,	0.033
1809.88,	0.033
1810.42,	0.033
1810.97,	0.033
1811.52,	0.033
1812.08,	0.032
1812.59,	0.033
1813.13,	0.032
1813.66,	0.033
1814.19,	0.032
1814.69,	0.033
1815.23,	0.032
1815.77,	0.033
1816.31,	0.032
1816.88,	0.033
1817.38,	0.032
1817.88,	0.033
1818.42,	0.032
1818.95,	0.033
1819.48,	0.033
1820.03,	0.033
1820.56,	0.033
1821.11,	0.033
1821.66,	0.033
1822.17,	0.033
1822.72,	0.033
1823.27,	0.033
1823.78,	0.033
1824.31,	0.033
1824.86,	0.033
1825.42,	0.032
1825.94,	0.033
1826.47,	0.032
1827,	0.033
1827.53,	0.033
1828.08,	0.033
1828.61,	0.032
1829.17,	0.033
1829.69,	0.033
1830.22,	0.033
1830.72,	0.032
1831.25,	0.033
1831.8,	0.033
1832.33,	0.033
1832.86,	0.033
1833.41,	0.033
1833.95,	0.033
1834.47,	0.033
1835,	0.033
1835.52,	0.033
1836.05,	0.033
1836.61,	0.033
1837.13,	0.033
1837.66,	0.033
1838.2,	0.033
1838.77,	0.032
1839.27,	0.033
1839.81,	0.032
1840.34,	0.033
1840.88,	0.033
1841.45,	0.033
1842,	0.033
1842.52,	0.033
1843.05,	0.033
1843.56,	0.033
1844.11,	0.033
1844.67,	0.033
1845.2,	0.033
1845.78,	0.033
1846.34,	0.033
1846.86,	0.033
1847.39,	0.033
1847.92,	0.033
1848.47,	0.033
1849,	0.033
1849.56,	0.033
1850.11,	0.033
1850.64,	0.032
1851.17,	0.033
1851.72,	0.032
1852.27,	0.033
1852.8,	0.033
1853.34,	0.033
1853.89,	0.033
1854.41,	0.033
1854.94,	0.033
1855.52,	0.033
1856.02,	0.033
1856.55,	0.033
1857.09,	0.033
1857.66,	0.032
1858.19,	0.033
1858.72,	0.033
1859.27,	0.033
1859.77,	0.033
1860.31,	0.033
1860.84,	0.033
1861.39,	0.033
1861.94,	0.033
1862.45,	0.033
1862.98,	0.033
1863.55,	0.033
1864.09,	0.033
1864.66,	0.033
1865.14,	0.033
1865.7,	0.033
1866.23,	0.033
1866.75,	0.033
1867.28,	0.033
1867.81,	0.033
1868.36,	0.033
1868.89,	0.033
1869.44,	0.033
1869.98,	0.033
1870.5,	0.033
1871.05,	0.033
1871.59,	0.033
1872.11,	0.033
1872.64,	0.033
1873.16,	0.033
1873.7,	0.033
1874.22,	0.033
1874.75,	0.033
1875.3,	0.033
1875.84,	0.033
1876.36,	0.033
1876.86,	0.033
1877.41,	0.033
1877.97,	0.033
1878.5,	0.033
1879.02,	0.033
1879.56,	0.033
1880.11,	0.033
1880.66,	0.033
1881.19,	0.033
1881.75,	0.033
1882.25,	0.033
1882.78,	0.033
1883.31,	0.033
1883.84,	0.033
1884.38,	0.033
1884.89,	0.033
1885.41,	0.033
1885.95,	0.033
1886.45,	0.033
1886.98,	0.033
1887.53,	0.033
1888.09,	0.033
1888.61,	0.033
1889.14,	0.033
1889.67,	0.033
1890.2,	0.033
1890.7,	0.033
1891.22,	0.033
1891.75,	0.033
1892.28,	0.033
1892.83,	0.033
1893.39,	0.033
1893.89,	0.033
1894.44,	0.033
1894.97,	0.033
1895.5,	0.033
1896.05,	0.033
1896.58,	0.033
1897.13,	0.033
1897.67,	0.033
1898.19,	0.033
1898.73,	0.033
1899.28,	0.033
1899.83,	0.033
1900.39,	0.033
1900.89,	0.033
1901.44,	0.033
1901.94,	0.033
1902.48,	0.033
1903.02,	0.033
1903.55,	0.033
1904.13,	0.033
1904.67,	0.033
1905.19,	0.033
1905.72,	0.033
1906.23,	0.033
1906.77,	0.033
1907.33,	0.033
1907.84,	0.033
1908.38,	0.033
1908.92,	0.033
1909.48,	0.032
1909.98,	0.033
1910.53,	0.032
1911.06,	0.033
1911.59,	0.033
1912.14,	0.033
1912.67,	0.032
1913.25,	0.033
1913.78,	0.032
1914.3,	0.033
1914.86,	0.033
1915.39,	0.033
1915.92,	0.033
1916.48,	0.033
1916.97,	0.033
1917.53,	0.033
1918.03,	0.033
1918.53,	0.033
1919.06,	0.033
1919.58,	0.033
1920.13,	0.033
1920.67,	0.033
1921.19,	0.033
1921.72,	0.033
1922.27,	0.033
1922.83,	0.032
1923.33,	0.033
1923.88,	0.032
1924.41,	0.032
1924.94,	0.032
1925.48,	0.033
1926.02,	0.032
1926.56,	0.033
1927.11,	0.033
1927.63,	0.033
1928.17,	0.032
1928.72,	0.033
1929.23,	0.033
1929.77,	0.033
1930.31,	0.033
1930.88,	0.032
1931.38,	0.033
1931.92,	0.032
1932.47,	0.033
1932.98,	0.032
1933.52,	0.033
1934.03,	0.032
1934.53,	0.033
1935.11,	0.032
1935.67,	0.032
1936.2,	0.032
1936.75,	0.032
1937.31,	0.033
1937.83,	0.032
1938.36,	0.032
1938.92,	0.032
1939.47,	0.033
1940.02,	0.032
1940.53,	0.032
1941.03,	0.032
1941.53,	0.032
1942.06,	0.032
1942.58,	0.033
1943.11,	0.032
1943.66,	0.033
1944.22,	0.032
1944.72,	0.032
1945.27,	0.032
1945.8,	0.033
1946.33,	0.032
1946.88,	0.032
1947.41,	0.032
1947.95,	0.032
1948.5,	0.032
1949.02,	0.032
1949.56,	0.032
1950.11,	0.032
1950.63,	0.032
1951.16,	0.032
1951.7,	0.032
1952.27,	0.032
1952.84,	0.032
1953.41,	0.032
1953.92,	0.032
1954.45,	0.033
1955.02,	0.032
1955.52,	0.032
1956.06,	0.032
1956.61,	0.032
1957.17,	0.032
1957.75,	0.032
1958.3,	0.032
1958.86,	0.032
1959.39,	0.032
1959.92,	0.032
1960.47,	0.032
1960.97,	0.032
1961.47,	0.032
1962,	0.032
1962.55,	0.032
1963.11,	0.032
1963.61,	0.032
1964.14,	0.032
1964.66,	0.032
1965.22,	0.032
1965.77,	0.032
1966.3,	0.032
1966.84,	0.032
1967.41,	0.032
1967.97,	0.032
1968.47,	0.032
1969.02,	0.032
1969.52,	0.032
1970.05,	0.032
1970.59,	0.032
1971.16,	0.032
1971.73,	0.032
1972.3,	0.032
1972.81,	0.032
1973.34,	0.032
1973.89,	0.032
1974.42,	0.033
1974.95,	0.032
1975.48,	0.032
1976,	0.032
1976.51,	0.032
1977.05,	0.032
1977.56,	0.032
1978.09,	0.032
1978.64,	0.032
1979.2,	0.032
1979.72,	0.032
1980.25,	0.032
1980.78,	0.032
1981.31,	0.032
1981.86,	0.032
1982.39,	0.032
1982.94,	0.032
1983.48,	0.032
1984,	0.032
1984.53,	0.032
1985.05,	0.032
1985.59,	0.032
1986.14,	0.032
1986.69,	0.032
1987.25,	0.032
1987.75,	0.032
1988.3,	0.032
1988.83,	0.032
1989.36,	0.032
1989.91,	0.032
1990.41,	0.032
1990.91,	0.032
1991.44,	0.032
1991.95,	0.032
1992.48,	0.032
1993.01,	0.032
1993.59,	0.032
1994.16,	0.032
1994.66,	0.032
1995.23,	0.032
1995.78,	0.032
1996.3,	0.032
1996.83,	0.032
1997.34,	0.032
1997.88,	0.032
1998.44,	0.032
1998.95,	0.032
1999.48,	0.032
2000.03,	0.032
2000.59,	0.032
2001.09,	0.032
2001.64,	0.032
2002.17,	0.032
2002.7,	0.032
2003.25,	0.032
2003.78,	0.032
2004.33,	0.032
2004.84,	0.032
2005.39,	0.032
2005.89,	0.032
2006.44,	0.032
2007,	0.032
2007.5,	0.033
2008.05,	0.032
2008.58,	0.033
2009.13,	0.033
2009.64,	0.033
2010.17,	0.033
2010.69,	0.033
2011.23,	0.034
2011.78,	0.034
2012.33,	0.034
2012.91,	0.034
2013.47,	0.035
2013.98,	0.035
2014.51,	0.035
2015.08,	0.035
2015.63,	0.036
2016.13,	0.036
2016.69,	0.036
2017.22,	0.037
2017.73,	0.037
2018.26,	0.037
2018.8,	0.037
2019.34,	0.037
2019.84,	0.037
2020.34,	0.038
2020.88,	0.038
2021.42,	0.038
2021.98,	0.038
2022.5,	0.038
2023.03,	0.038
2023.58,	0.039
2024.09,	0.038
2024.59,	0.039
2025.14,	0.039
2025.64,	0.039
2026.17,	0.039
2026.7,	0.039
2027.22,	0.039
2027.75,	0.039
2028.33,	0.039
2028.89,	0.039
2029.44,	0.039
2029.97,	0.039
2030.5,	0.04
2031.01,	0.04
2031.55,	0.04
2032.08,	0.04
2032.61,	0.04
2033.17,	0.04
2033.69,	0.04
2034.22,	0.04
2034.76,	0.04
2035.33,	0.039
2035.83,	0.04
2036.36,	0.039
2036.88,	0.04
2037.42,	0.039
2037.94,	0.04
2038.48,	0.04
2039.01,	0.04
2039.56,	0.04
2040.08,	0.04
2040.58,	0.04
2041.08,	0.04
2041.63,	0.039
2042.13,	0.04
2042.67,	0.04
2043.2,	0.04
2043.73,	0.04
2044.23,	0.04
2044.78,	0.04
2045.28,	0.04
2045.81,	0.04
2046.36,	0.04
2046.92,	0.039
2047.5,	0.04
2048.03,	0.04
2048.53,	0.04
2049.03,	0.04
2049.58,	0.04
2050.11,	0.04
2050.64,	0.04
2051.16,	0.04
2051.69,	0.04
2052.22,	0.04
2052.76,	0.04
2053.31,	0.04
2053.83,	0.04
2054.36,	0.04
2054.92,	0.04
2055.47,	0.04
2056.01,	0.039
2056.55,	0.04
2057.08,	0.039
2057.63,	0.039
2058.16,	0.039
2058.7,	0.039
2059.25,	0.039
2059.76,	0.039
2060.3,	0.039
2060.86,	0.039
2061.38,	0.039
2061.91,	0.039
2062.45,	0.039
2063.01,	0.039
2063.51,	0.039
2064.06,	0.039
2064.59,	0.039
2065.13,	0.039
2065.67,	0.039
2066.17,	0.039
2066.72,	0.039
2067.25,	0.039
2067.78,	0.039
2068.31,	0.039
2068.84,	0.039
2069.39,	0.039
2069.95,	0.039
2070.5,	0.039
2071.06,	0.038
2071.58,	0.039
2072.11,	0.038
2072.66,	0.039
2073.17,	0.038
2073.67,	0.038
2074.22,	0.038
2074.72,	0.038
2075.3,	0.038
2075.86,	0.038
2076.41,	0.038
2076.94,	0.038
2077.47,	0.038
2077.97,	0.038
2078.51,	0.038
2079.05,	0.038
2079.58,	0.038
2080.09,	0.038
2080.63,	0.038
2081.16,	0.038
2081.69,	0.038
2082.25,	0.038
2082.76,	0.038
2083.3,	0.038
2083.84,	0.038
2084.41,	0.037
2084.91,	0.038
2085.45,	0.037
2086,	0.038
2086.51,	0.037
2087.01,	0.038
2087.56,	0.037
2088.06,	0.038
2088.64,	0.037
2089.2,	0.038
2089.7,	0.037
2090.25,	0.038
2090.81,	0.038
2091.31,	0.037
2091.81,	0.037
2092.36,	0.037
2092.86,	0.037
2093.42,	0.037
2093.94,	0.037
2094.47,	0.037
2095,	0.037
2095.53,	0.037
2096.06,	0.037
2096.61,	0.037
2097.14,	0.037
2097.7,	0.037
2098.2,	0.037
2098.69,	0.037
2099.23,	0.037
2099.8,	0.037
2100.33,	0.037
2100.86,	0.037
2101.41,	0.037
2101.94,	0.037
2102.47,	0.037
2103,	0.037
2103.5,	0.037
2104.05,	0.037
2104.55,	0.037
2105.09,	0.036
2105.63,	0.037
2106.16,	0.037
2106.7,	0.037
2107.23,	0.037
2107.78,	0.037
2108.33,	0.037
2108.84,	0.037
2109.38,	0.037
2109.94,	0.037
2110.45,	0.037
2110.98,	0.037
2111.53,	0.037
2112.09,	0.036
2112.61,	0.037
2113.14,	0.036
2113.67,	0.037
2114.2,	0.036
2114.75,	0.037
2115.28,	0.036
2115.83,	0.037
2116.38,	0.037
2116.89,	0.036
2117.42,	0.037
2117.94,	0.036
2118.47,	0.036
2119.03,	0.036
2119.58,	0.037
2120.14,	0.036
2120.64,	0.036
2121.19,	0.036
2121.72,	0.036
2122.25,	0.036
2122.75,	0.036
2123.3,	0.036
2123.8,	0.036
2124.34,	0.036
2124.88,	0.036
2125.38,	0.036
2125.91,	0.036
2126.44,	0.036
2126.95,	0.036
2127.51,	0.036
2128.05,	0.036
2128.59,	0.036
2129.13,	0.036
2129.67,	0.036
2130.2,	0.036
2130.73,	0.036
2131.26,	0.036
2131.8,	0.036
2132.34,	0.036
2132.88,	0.036
2133.44,	0.036
2133.95,	0.036
2134.48,	0.036
2135.03,	0.036
2135.58,	0.035
2136.09,	0.036
2136.59,	0.035
2137.09,	0.036
2137.63,	0.036
2138.14,	0.036
2138.67,	0.036
2139.22,	0.036
2139.78,	0.035
2140.36,	0.036
2140.92,	0.036
2141.48,	0.036
2142,	0.036
2142.53,	0.036
2143.08,	0.036
2143.63,	0.035
2144.14,	0.036
2144.64,	0.035
2145.19,	0.036
2145.69,	0.035
2146.19,	0.036
2147.11,	0.035
2147.26,	0.036
2147.83,	0.035
2148.33,	0.036
2148.88,	0.035
2149.41,	0.035
2149.94,	0.035
2150.48,	0.035
2150.98,	0.035
2151.5,	0.042
2152.06,	0.031
2152.59,	0.035
2153.16,	0.036
2153.67,	0.036
2154.23,	0.036
2154.81,	0.036
2155.39,	0.036
2155.98,	0.036
2156.53,	0.036
2157.13,	0.036
2157.7,	0.037
2158.28,	0.037
2158.86,	0.036
2159.42,	0.037
2160,	0.036
2160.58,	0.037
2161.16,	0.037
2161.73,	0.036
2162.3,	0.037
2162.86,	0.036
2163.44,	0.037
2164.03,	0.037
2164.61,	0.036
2165.16,	0.037
2165.73,	0.036
2166.33,	0.037
2166.91,	0.036
2167.48,	0.036
2168.05,	0.037
2168.63,	0.036
2169.2,	0.036
2169.8,	0.036
2170.38,	0.036
2170.94,	0.036
2171.51,	0.036
2172.09,	0.036
2172.67,	0.036
2173.25,	0.036
2173.81,	0.036
2174.39,	0.036
2174.97,	0.036
2175.55,	0.036
2176.13,	0.036
2176.66,	0.036
2177.22,	0.036
2177.76,	0.036
2178.31,	0.036
2178.88,	0.036
2179.44,	0.036
2180.03,	0.036
2180.59,	0.036
2181.14,	0.036
2181.69,	0.036
2182.26,	0.036
2182.83,	0.036
2183.42,	0.036
2183.97,	0.036
2184.51,	0.036
2185.08,	0.036
2185.66,	0.036
2186.25,	0.036
2186.8,	0.036
2187.38,	0.036
2187.97,	0.036
2188.55,	0.036
2189.13,	0.035
2189.69,	0.036
2190.26,	0.035
2190.84,	0.036
2191.42,	0.036
2192,	0.035
2192.55,	0.036
2193.13,	0.035
2193.72,	0.036
2194.3,	0.036
2194.88,	0.035
2195.42,	0.036
2196.01,	0.035
2196.59,	0.036
2197.17,	0.036
2197.76,	0.036
2198.31,	0.036
2198.91,	0.035
2199.47,	0.035
2200.06,	0.036
2200.64,	0.035
2201.2,	0.036
2201.78,	0.035
2202.36,	0.035
2202.94,	0.036
2203.51,	0.035
2204.08,	0.036
2204.64,	0.035
2205.22,	0.035
2205.81,	0.035
2206.39,	0.035
2206.95,	0.036
2207.5,	0.035
2208.03,	0.036
2208.61,	0.035
2209.19,	0.035
2209.76,	0.035
2210.36,	0.035
2210.91,	0.035
2211.5,	0.035
2212.05,	0.035
2212.64,	0.035
2213.19,	0.035
2213.75,	0.035
2214.33,	0.035
2214.88,	0.035
2215.45,	0.035
2216.05,	0.035
2216.61,	0.035
2217.2,	0.035
2217.76,	0.035
2218.34,	0.035
2218.92,	0.035
2219.48,	0.035
2220.08,	0.035
2220.64,	0.035
2221.2,	0.035
2221.8,	0.035
2222.38,	0.035
2222.95,	0.035
2223.5,	0.035
2224.09,	0.035
2224.67,	0.035
2225.25,	0.035
2225.83,	0.035
2226.39,	0.035
2226.97,	0.035
2227.53,	0.035
2228.13,	0.035
2228.66,	0.035
2229.22,	0.035
2229.78,	0.035
2230.33,	0.035
2230.89,	0.035
2231.44,	0.035
2232.01,	0.035
2232.58,	0.035
2233.17,	0.035
2233.72,	0.035
2234.26,	0.035
2234.84,	0.035
2235.41,	0.035
2235.98,	0.035
2236.55,	0.035
2237.14,	0.035
2237.72,	0.035
2238.26,	0.035
2238.84,	0.034
2239.41,	0.035
2239.95,	0.035
2240.51,	0.035
2241.11,	0.035
2241.69,	0.035
2242.23,	0.035
2242.78,	0.035
2243.34,	0.035
2243.92,	0.034
2244.5,	0.035
2245.08,	0.035
2245.66,	0.034
2246.19,	0.035
2246.73,	0.035
2247.28,	0.035
2247.83,	0.035
2248.39,	0.035
2248.97,	0.035
2249.53,	0.035
2250.11,	0.035
2250.69,	0.034
2251.25,	0.035
2251.83,	0.034
2252.41,	0.035
2252.98,	0.035
2253.56,	0.035
2254.11,	0.035
2254.69,	0.034
2255.23,	0.035
2255.8,	0.034
2256.38,	0.035
2256.95,	0.035
2257.55,	0.034
2258.11,	0.035
2258.69,	0.035
2259.26,	0.035
2259.84,	0.035
2260.44,	0.035
2260.98,	0.035
2261.58,	0.034
2262.13,	0.035
2262.72,	0.035
2263.25,	0.035
2263.8,	0.035
2264.38,	0.035
2264.92,	0.035
2265.48,	0.034
2266.03,	0.035
2266.63,	0.034
2267.2,	0.035
2267.76,	0.035
2268.31,	0.035
2268.88,	0.035
2269.44,	0.034
2270,	0.034
2270.56,	0.034
2271.14,	0.035
2271.73,	0.034
2272.31,	0.034
2272.88,	0.035
2273.44,	0.034
2274.03,	0.035
2274.61,	0.034
2275.19,	0.034
2275.75,	0.034
2276.33,	0.034
2276.91,	0.034
2277.48,	0.035
2278.08,	0.034
2278.63,	0.034
2279.22,	0.034
2279.8,	0.034
2280.38,	0.034
2280.95,	0.034
2281.51,	0.034
2282.09,	0.034
2282.67,	0.034
2283.23,	0.034
2283.83,	0.034
2284.38,	0.034
2284.97,	0.034
2285.55,	0.034
2286.13,	0.034
2286.7,	0.034
2287.26,	0.034
2287.84,	0.034
2288.42,	0.034
2289,	0.034
2289.58,	0.034
2290.14,	0.034
2290.73,	0.034
2291.31,	0.034
2291.89,	0.034
2292.45,	0.034
2293.01,	0.034
2293.56,	0.034
2294.11,	0.034
2294.7,	0.034
2295.28,	0.034
2295.86,	0.034
2296.44,	0.034
2296.98,	0.034
2297.53,	0.034
2298.08,	0.034
2298.66,	0.034
2299.23,	0.034
2299.81,	0.034
2300.39,	0.034
2300.94,	0.034
2301.51,	0.034
2302.08,	0.034
2302.63,	0.034
2303.19,	0.034
2303.78,	0.034
2304.3,	0.034
2304.86,	0.034
2305.41,	0.034
2305.95,	0.034
2306.53,	0.034
2307.09,	0.034
2307.67,	0.034
2308.23,	0.034
2308.83,	0.034
2309.36,	0.034
2309.91,	0.034
2310.48,	0.034
2311.03,	0.034
2311.59,	0.034
2312.16,	0.034
2312.72,	0.034
2313.28,	0.034
2313.88,	0.034
2314.45,	0.034
2315,	0.034
2315.58,	0.034
2316.17,	0.034
2316.75,	0.034
2317.28,	0.034
2317.83,	0.034
2318.41,	0.034
2318.97,	0.034
2319.55,	0.034
2320.13,	0.034
2320.7,	0.034
2321.28,	0.034
2321.83,	0.034
2322.41,	0.034
2322.97,	0.034
2323.51,	0.034
2324.08,	0.034
2324.67,	0.034
2325.25,	0.034
2325.8,	0.034
2326.34,	0.034
2326.91,	0.034
2327.48,	0.034
2328.06,	0.034
2328.63,	0.034
2329.17,	0.034
2329.73,	0.034
2330.3,	0.034
2330.84,	0.034
2331.42,	0.034
2331.98,	0.034
2332.55,	0.034
2333.09,	0.034
2333.67,	0.034
2334.25,	0.034
2334.81,	0.034
2335.39,	0.033
2335.97,	0.034
2336.55,	0.034
2337.13,	0.034
2337.67,	0.034
2338.25,	0.034
2338.81,	0.034
2339.36,	0.034
2339.94,	0.034
2340.51,	0.034
2341.11,	0.034
2341.67,	0.034
2342.25,	0.034
2342.83,	0.034
2343.39,	0.034
2343.92,	0.034
2344.47,	0.034
2345.01,	0.034
2345.58,	0.034
2346.14,	0.034
2346.69,	0.034
2347.23,	0.034
2347.8,	0.034
2348.38,	0.034
2348.95,	0.034
2349.51,	0.034
2350.06,	0.034
2350.63,	0.034
2351.19,	0.034
2351.73,	0.034
2352.31,	0.034
2352.88,	0.034
2353.44,	0.034
2353.98,	0.034
2354.56,	0.034
2355.14,	0.033
2355.7,	0.034
2356.28,	0.033
2356.86,	0.034
2357.44,	0.034
2358.01,	0.034
2358.56,	0.034
2359.14,	0.034
2359.69,	0.034
2360.25,	0.034
2360.83,	0.034
2361.41,	0.034
2362,	0.033
2362.55,	0.034
2363.14,	0.033
2363.72,	0.034
2364.3,	0.034
2364.88,	0.034
2365.44,	0.034
2366,	0.033
2366.58,	0.034
2367.11,	0.034
2367.66,	0.034
2368.25,	0.034
2368.83,	0.034
2369.39,	0.034
2369.95,	0.034
2370.55,	0.034
2371.13,	0.034
2371.72,	0.033
2372.26,	0.034
2372.84,	0.034
2373.44,	0.034
2374.01,	0.034
2374.61,	0.033
2375.16,	0.034
2375.73,	0.033
2376.33,	0.034
2376.91,	0.034
2377.45,	0.034
2378,	0.034
2378.59,	0.033
2379.14,	0.034
2379.73,	0.034
2380.31,	0.034
2380.89,	0.034
2381.47,	0.034
2382.03,	0.034
2382.61,	0.033
2383.19,	0.034
2383.76,	0.034
2384.34,	0.033
2384.89,	0.034
2385.47,	0.033
2386.05,	0.034
2386.64,	0.034
2387.22,	0.034
2387.78,	0.034
2388.34,	0.033
2388.88,	0.034
2389.47,	0.033
2390.05,	0.034
2390.63,	0.034
2391.2,	0.033
2391.76,	0.034
2392.34,	0.033
2392.92,	0.034
2393.5,	0.034
2394.08,	0.033
2394.63,	0.034
2395.22,	0.033
2395.8,	0.034
2396.38,	0.034
2396.95,	0.034
2397.51,	0.034
2398.09,	0.033
2398.67,	0.034
2399.26,	0.034
2399.84,	0.033
2400.39,	0.034
2400.98,	0.033
2401.56,	0.034
2402.14,	0.034
2402.72,	0.034
2403.28,	0.034
2403.86,	0.033
2404.42,	0.033
2405.01,	0.034
2405.59,	0.033
2406.14,	0.034
2406.72,	0.033
2407.31,	0.034
2407.89,	0.034
2408.47,	0.033
2409.01,	0.034
2409.61,	0.033
2410.19,	0.034
2410.76,	0.033
2411.34,	0.033
2411.91,	0.034
2412.48,	0.033
2413.08,	0.034
2413.66,	0.033
2414.23,	0.033
2414.78,	0.034
2415.33,	0.033
2415.88,	0.034
2416.47,	0.033
2417.03,	0.034
2417.61,	0.033
2418.16,	0.033
2418.7,	0.034
2419.28,	0.033
2419.84,	0.034
2420.42,	0.033
2421,	0.033
2421.58,	0.033
2422.09,	0.034
2422.67,	0.034
2423.25,	0.033
2423.81,	0.033
2424.38,	0.033
2424.92,	0.033
2425.48,	0.033
2426.06,	0.033
2426.64,	0.033
2427.22,	0.033
2427.78,	0.034
2428.36,	0.033
2428.94,	0.033
2429.51,	0.033
2430.09,	0.033
2430.66,	0.033
2431.22,	0.033
2431.81,	0.033
2432.39,	0.033
2432.98,	0.033
2433.55,	0.034
2434.13,	0.033
2434.7,	0.033
2435.28,	0.033
2435.86,	0.033
2436.41,	0.033
2437,	0.033
2437.58,	0.033
2438.17,	0.033
2438.75,	0.033
2439.31,	0.033
2439.91,	0.033
2440.48,	0.033
2441.06,	0.033
2441.66,	0.033
2442.2,	0.033
2442.8,	0.033
2443.39,	0.033
2443.97,	0.033
2444.48,	0.033
2445.06,	0.033
2445.64,	0.033
2446.2,	0.033
2446.78,	0.033
2447.36,	0.033
2447.94,	0.033
2448.51,	0.033
2449.06,	0.033
2449.64,	0.033
2450.22,	0.033
2450.76,	0.033
2451.34,	0.033
2451.92,	0.033
2452.5,	0.033
2453.05,	0.033
2453.64,	0.033
2454.22,	0.033
2454.81,	0.033
2455.39,	0.033
2455.94,	0.033
2456.51,	0.033
2457.11,	0.033
2457.69,	0.033
2458.26,	0.033
2458.81,	0.033
2459.36,	0.033
2459.91,	0.033
2460.48,	0.033
2461.06,	0.033
2461.63,	0.033
2462.22,	0.033
2462.76,	0.033
2463.31,	0.033
2463.88,	0.033
2464.45,	0.033
2465.01,	0.033
2465.61,	0.033
2466.2,	0.033
2466.76,	0.033
2467.34,	0.033
2467.92,	0.033
2468.5,	0.033
2469.08,	0.033
2469.64,	0.033
2470.23,	0.033
2470.78,	0.033
2471.31,	0.033
2471.89,	0.033
2472.47,	0.033
2473.03,	0.033
2473.58,	0.033
2474.14,	0.033
2474.69,	0.033
2475.28,	0.033
2475.86,	0.033
2476.44,	0.033
2477.01,	0.033
2477.58,	0.033
2478.16,	0.033
2478.72,	0.033
2479.31,	0.033
2479.89,	0.033
2480.44,	0.033
2481,	0.033
2481.55,	0.033
2482.13,	0.033
2482.7,	0.033
2483.3,	0.033
2483.88,	0.033
2484.44,	0.033
2485.01,	0.033
2485.59,	0.033
2486.19,	0.033
2486.76,	0.033
2487.33,	0.033
2487.89,	0.033
2488.48,	0.033
2489.06,	0.033
2489.64,	0.033
2490.2,	0.033
2490.78,	0.033
2491.36,	0.033
2491.94,	0.033
2492.53,	0.033
2493.09,	0.033
2493.67,	0.033
2494.25,	0.033
2494.83,	0.033
2495.41,	0.033
2495.95,	0.033
2496.5,	0.033
2497.06,	0.033
2497.64,	0.033
2498.22,	0.033
2498.8,	0.033
2499.38,	0.033
2499.94,	0.033
2500.5,	0.033
2501.05,	0.033
2501.59,	0.033
2502.19,	0.033
2502.76,	0.033
2503.33,	0.033
2503.88,	0.033
2504.44,	0.033
2504.98,	0.033
2505.58,	0.033
2506.16,	0.033
2506.73,	0.033
2507.26,	0.033
2507.83,	0.033
2508.41,	0.033
2508.95,	0.033
2509.53,	0.033
2510.13,	0.033
2510.69,	0.033
2511.26,	0.033
2511.81,	0.033
2512.38,	0.033
2512.92,	0.033
2513.51,	0.033
2514.09,	0.033
2514.64,	0.033
2515.19,	0.033
2515.76,	0.033
2516.31,	0.033
2516.86,	0.033
2517.44,	0.033
2518,	0.033
2518.58,	0.033
2519.17,	0.033
2519.73,	0.033
2520.31,	0.033
2520.86,	0.033
2521.41,	0.033
2521.97,	0.033
2522.53,	0.033
2523.13,	0.033
2523.7,	0.033
2524.23,	0.033
2524.8,	0.033
2525.36,	0.033
2525.91,	0.033
2526.48,	0.033
2527.05,	0.033
2527.61,	0.033
2528.16,	0.033
2528.73,	0.033
2529.31,	0.032
2529.88,	0.033
2530.45,	0.032
2531.03,	0.033
2531.63,	0.033
2532.2,	0.033
2532.76,	0.033
2533.34,	0.033
2533.92,	0.033
2534.5,	0.033
2535.09,	0.033
2535.64,	0.033
2536.22,	0.033
2536.81,	0.033
2537.39,	0.033
2537.97,	0.033
2538.53,	0.033
2539.11,	0.032
2539.69,	0.033
2540.28,	0.033
2540.86,	0.033
2541.39,	0.033
2541.95,	0.033
2542.5,	0.033
2543.08,	0.033
2543.64,	0.033
2544.23,	0.033
2544.83,	0.033
2545.38,	0.033
2545.97,	0.033
2546.55,	0.033
2547.13,	0.033
2547.7,	0.032
2548.26,	0.033
2548.86,	0.033
2549.42,	0.033
2550,	0.033
2550.55,	0.033
2551.09,	0.033
2551.67,	0.033
2552.23,	0.033
2552.81,	0.033
2553.38,	0.033
2553.97,	0.033
2554.55,	0.033
2555.09,	0.033
2555.66,	0.032
2556.2,	0.033
2556.8,	0.032
2557.38,	0.033
2557.95,	0.033
2558.53,	0.033
2559.09,	0.033
2559.67,	0.033
2560.23,	0.033
2560.78,	0.033
2561.34,	0.033
2561.92,	0.033
2562.5,	0.033
2563.03,	0.033
2563.61,	0.033
2564.17,	0.033
2564.72,	0.033
2565.3,	0.033
2565.89,	0.033
2566.47,	0.033
2567.01,	0.033
2567.61,	0.033
2568.19,	0.033
2568.76,	0.033
2569.34,	0.033
2569.91,	0.033
2570.5,	0.033
2571.06,	0.033
2571.58,	0.033
2572.16,	0.033
2572.73,	0.033
2573.33,	0.033
2573.88,	0.033
2574.47,	0.033
2575.05,	0.033
2575.61,	0.033
2576.19,	0.033
2576.73,	0.033
2577.28,	0.033
2577.84,	0.033
2578.42,	0.032
2579,	0.033
2579.58,	0.033
2580.11,	0.033
2580.67,	0.033
2581.23,	0.033
2581.78,	0.033
2582.36,	0.032
2582.91,	0.033
2583.48,	0.032
2584.05,	0.033
2584.64,	0.033
2585.22,	0.032
2585.78,	0.033
2586.36,	0.032
2586.92,	0.033
2587.47,	0.033
2588.03,	0.033
2588.61,	0.033
2589.19,	0.033
2589.72,	0.033
2590.28,	0.033
2590.83,	0.033
2591.41,	0.032
2591.98,	0.033
2592.58,	0.033
2593.16,	0.032
2593.7,	0.033
2594.3,	0.033
2594.88,	0.033
2595.45,	0.033
2596.03,	0.033
2596.59,	0.033
2597.16,	0.032
2597.73,	0.033
2598.33,	0.033
2598.91,	0.032
2599.45,	0.033
2600.03,	0.032
2600.63,	0.033
2601.2,	0.033
2601.78,	0.032
2602.34,	0.033
2602.92,	0.032
2603.5,	0.033
2604.08,	0.033
2604.66,	0.033
2605.22,	0.033
2605.8,	0.032
2606.38,	0.033
2606.92,	0.033
2607.47,	0.033
2608.05,	0.033
2608.64,	0.032
2609.19,	0.033
2609.78,	0.032
2610.34,	0.033
2610.89,	0.033
2611.44,	0.033
2612.01,	0.033
2612.61,	0.032
2613.16,	0.033
2613.72,	0.032
2614.3,	0.033
2614.84,	0.033
2615.41,	0.033
2615.98,	0.033
2616.58,	0.032
2617.13,	0.033
2617.72,	0.032
2618.3,	0.033
2618.88,	0.033
2619.45,	0.032
2620.01,	0.033
2620.56,	0.032
2621.13,	0.033
2621.67,	0.032
2622.26,	0.033
2622.84,	0.033
2623.42,	0.032
2623.98,	0.033
2624.56,	0.032
2625.14,	0.033
2625.7,	0.033
2626.3,	0.033
2626.84,	0.033
2627.39,	0.032
2627.94,	0.033
2628.53,	0.032
2629.11,	0.033
2629.7,	0.033
2630.25,	0.033
2630.81,	0.032
2631.39,	0.032
2631.94,	0.033
2632.53,	0.032
2633.11,	0.032
2633.69,	0.033
2634.25,	0.033
2634.81,	0.033
2635.36,	0.032
2635.91,	0.033
2636.48,	0.032
2637.08,	0.033
2637.66,	0.033
2638.23,	0.032
2638.78,	0.033
2639.33,	0.032
2639.88,	0.033
2640.47,	0.032
2641.03,	0.033
2641.63,	0.033
2642.2,	0.032
2642.76,	0.033
2643.34,	0.032
2643.92,	0.032
2644.5,	0.032
2645.09,	0.032
2645.66,	0.033
2646.23,	0.032
2646.81,	0.033
2647.39,	0.033
2647.97,	0.032
2648.53,	0.033
2649.11,	0.032
2649.67,	0.033
2650.22,	0.032
2650.78,	0.032
2651.34,	0.033
2651.92,	0.032
2652.47,	0.033
2653.06,	0.032
2653.63,	0.032
2654.14,	0.032
2654.72,	0.032
2655.3,	0.032
2655.89,	0.032
2656.44,	0.032
2657.01,	0.032
2657.61,	0.032
2658.19,	0.033
2658.76,	0.032
2659.33,	0.032
2659.91,	0.032
2660.48,	0.032
2661.06,	0.032
2661.64,	0.032
2662.2,	0.032
2662.8,	0.032
2663.38,	0.033
2663.95,	0.032
2664.53,	0.032
2665.09,	0.032
2665.67,	0.032
2666.23,	0.032
2666.83,	0.032
2667.41,	0.032
2667.95,	0.032
2668.5,	0.032
2669.06,	0.032
2669.66,	0.032
2670.22,	0.032
2670.75,	0.032
2671.31,	0.033
2671.89,	0.032
2672.47,	0.032
2673.03,	0.033
2673.61,	0.032
2674.19,	0.033
2674.76,	0.032
2675.36,	0.032
2675.89,	0.032
2676.44,	0.032
2677,	0.032
2677.59,	0.032
2678.16,	0.032
2678.73,	0.032
2679.26,	0.032
2679.83,	0.032
2680.41,	0.032
2680.97,	0.032
2681.55,	0.032
2682.09,	0.032
2682.66,	0.032
2683.22,	0.032
2683.8,	0.032
2684.38,	0.032
2684.94,	0.032
2685.51,	0.032
2686.09,	0.032
2686.67,	0.032
2687.25,	0.032
2687.81,	0.032
2688.38,	0.032
2688.95,	0.032
2689.55,	0.032
2690.13,	0.032
2690.69,	0.032
2691.26,	0.032
2691.84,	0.032
2692.42,	0.032
2693.01,	0.032
2693.56,	0.032
2694.14,	0.032
2694.7,	0.032
2695.25,	0.032
2695.81,	0.032
2696.41,	0.032
2696.98,	0.032
2697.53,	0.032
2698.08,	0.032
2698.64,	0.032
2699.22,	0.032
2699.8,	0.032
2700.38,	0.032
2700.95,	0.032
2701.5,	0.032
2702.08,	0.032
2702.61,	0.032
2703.16,	0.032
2703.73,	0.032
2704.33,	0.032
2704.91,	0.032
2705.45,	0.033
2706.05,	0.032
2706.63,	0.032
2707.22,	0.032
2707.8,	0.032
2708.34,	0.032
2708.94,	0.032
2709.51,	0.032
2710.09,	0.032
2710.69,	0.032
2711.23,	0.033
2711.83,	0.032
2712.39,	0.032
2712.98,	0.032
2713.56,	0.032
2714.13,	0.032
2714.7,	0.032
2715.28,	0.032
2715.86,	0.032
2716.44,	0.032
2717,	0.032
2717.58,	0.032
2718.14,	0.032
2718.69,	0.032
2719.25,	0.032
2719.81,	0.032
2720.36,	0.032
2720.92,	0.032
2721.5,	0.032
2722.05,	0.032
2722.64,	0.032
2723.22,	0.032
2723.78,	0.032
2724.33,	0.032
2724.88,	0.032
2725.47,	0.032
2726.01,	0.032
2726.59,	0.032
2727.19,	0.032
2727.76,	0.032
2728.34,	0.032
2728.91,	0.032
2729.48,	0.032
2730.05,	0.032
2730.64,	0.032
2731.16,	0.032
2731.73,	0.032
2732.31,	0.032
2732.88,	0.032
2733.45,	0.032
2734.03,	0.032
2734.59,	0.032
2735.14,	0.032
2735.7,	0.032
2736.28,	0.032
2736.84,	0.032
2737.42,	0.032
2738,	0.032
2738.58,	0.032
2739.17,	0.032
2739.73,	0.032
2740.31,	0.032
2740.89,	0.032
2741.47,	0.032
2742.05,	0.032
2742.61,	0.032
2743.19,	0.032
2743.76,	0.032
2744.34,	0.032
2744.89,	0.032
2745.44,	0.032
2746.01,	0.032
2746.58,	0.032
2747.16,	0.032
2747.75,	0.032
2748.31,	0.032
2748.89,	0.032
2749.44,	0.032
2750.01,	0.032
2750.56,	0.032
2751.13,	0.032
2751.69,	0.032
2752.23,	0.032
2752.78,	0.032
2753.36,	0.032
2753.94,	0.032
2754.48,	0.032
2755.06,	0.032
2755.66,	0.032
2756.23,	0.032
2756.81,	0.032
2757.38,	0.032
2757.95,	0.032
2758.53,	0.032
2759.11,	0.032
2759.7,	0.032
2760.25,	0.032
2760.83,	0.032
2761.42,	0.032
2762,	0.032
2762.58,	0.032
2763.14,	0.032
2763.72,	0.032
2764.3,	0.032
2764.88,	0.032
2765.45,	0.032
2766,	0.032
2766.55,	0.032
2767.11,	0.032
2767.69,	0.032
2768.26,	0.032
2768.84,	0.032
2769.38,	0.032
2769.94,	0.032
2770.51,	0.032
2771.08,	0.032
2771.66,	0.032
2772.23,	0.032
2772.81,	0.032
2773.39,	0.032
2773.95,	0.032
2774.51,	0.032
2775.09,	0.032
2775.69,	0.032
2776.26,	0.032
2776.81,	0.032
2777.41,	0.032
2777.98,	0.032
2778.56,	0.032
2779.16,	0.032
2779.7,	0.032
2780.3,	0.032
2780.86,	0.032
2781.45,	0.032
2782.03,	0.032
2782.59,	0.032
2783.17,	0.032
2783.75,	0.032
2784.33,	0.032
2784.91,	0.032
2785.47,	0.032
2786.01,	0.032
2786.56,	0.032
2787.11,	0.032
2787.7,	0.032
2788.28,	0.032
2788.86,	0.032
2789.41,	0.032
2790,	0.032
2790.58,	0.032
2791.16,	0.032
2791.75,	0.032
2792.3,	0.032
2792.89,	0.032
2793.47,	0.032
2794.05,	0.032
2794.63,	0.032
2795.19,	0.032
2795.76,	0.032
2796.34,	0.032
2796.92,	0.032
2797.48,	0.032
2798.05,	0.032
2798.64,	0.032
2799.2,	0.032
2799.8,	0.032
2800.38,	0.032
2800.94,	0.032
2801.48,	0.032
2802.01,	0.032
2802.59,	0.032
2803.17,	0.032
2803.75,	0.032
2804.34,	0.032
2804.89,	0.032
2805.48,	0.032
2806.03,	0.032
2806.63,	0.032
2807.17,	0.032
2807.73,	0.032
2808.3,	0.032
2808.86,	0.032
2809.44,	0.032
2810,	0.032
2810.59,	0.032
2811.17,	0.032
2811.72,	0.032
2812.3,	0.032
2812.89,	0.032
2813.47,	0.032
2814.06,	0.032
2814.63,	0.032
2815.19,	0.032
2815.78,	0.032
2816.33,	0.032
2816.88,	0.032
2817.45,	0.032
2818.05,	0.032
2818.59,	0.032
2819.19,	0.032
2819.76,	0.032
2820.34,	0.032
2820.94,	0.032
2821.48,	0.032
2822.08,	0.032
2822.64,	0.032
2823.23,	0.032
2823.8,	0.032
2824.34,	0.032
2824.89,	0.032
2825.45,	0.032
2826.03,	0.031
2826.63,	0.032
2827.19,	0.032
2827.78,	0.032
2828.34,	0.032
2828.92,	0.032
2829.5,	0.032
2830.06,	0.032
2830.66,	0.032
2831.22,	0.032
2831.81,	0.032
2832.39,	0.032
2832.97,	0.032
2833.55,	0.032
2834.11,	0.032
2834.69,	0.032
2835.25,	0.032
2835.84,	0.032
2836.42,	0.032
2836.97,	0.032
2837.51,	0.032
2838.08,	0.032
2838.63,	0.032
2839.22,	0.032
2839.8,	0.032
2840.38,	0.032
2840.91,	0.032
2841.47,	0.032
2842.01,	0.032
2842.59,	0.032
2843.16,	0.032
2843.75,	0.032
2844.28,	0.032
2844.84,	0.032
2845.42,	0.032
2845.98,	0.032
2846.56,	0.032
2847.14,	0.032
2847.72,	0.032
2848.3,	0.032
2848.84,	0.032
2849.39,	0.031
2849.94,	0.032
2850.51,	0.032
2851.09,	0.032
2851.67,	0.032
2852.25,	0.032
2852.81,	0.032
2853.39,	0.032
2853.97,	0.032
2854.56,	0.032
2855.14,	0.032
2855.69,	0.032
2856.28,	0.032
2856.86,	0.032
2857.44,	0.032
2858.01,	0.032
2858.58,	0.032
2859.16,	0.031
2859.73,	0.032
2860.33,	0.032
2860.91,	0.032
2861.47,	0.032
2862.05,	0.032
2862.63,	0.032
2863.22,	0.032
2863.8,	0.032
2864.36,	0.032
2864.95,	0.032
2865.51,	0.032
2866.09,	0.032
2866.67,	0.031
2867.23,	0.032
2867.81,	0.031
2868.41,	0.032
2868.98,	0.032
2869.56,	0.031
2870.13,	0.032
2870.7,	0.031
2871.28,	0.032
2871.84,	0.032
2872.44,	0.032
2873,	0.032
2873.58,	0.032
2874.17,	0.032
2874.75,	0.032
2875.33,	0.032
2875.89,	0.032
2876.47,	0.032
2877.06,	0.032
2877.63,	0.032
2878.2,	0.032
2878.75,	0.032
2879.33,	0.031
2879.89,	0.032
2880.45,	0.032
2881.01,	0.032
2881.61,	0.032
2882.19,	0.032
2882.75,	0.032
2883.33,	0.032
2883.91,	0.032
2884.48,	0.032
2885.06,	0.031
2885.63,	0.032
2886.2,	0.031
2886.76,	0.032
2887.31,	0.032
2887.88,	0.032
2888.45,	0.032
2889.05,	0.032
2889.59,	0.032
2890.17,	0.031
2890.76,	0.032
2891.34,	0.032
2891.92,	0.031
2892.48,	0.032
2893.06,	0.032
2893.64,	0.032
2894.22,	0.032
2894.75,	0.032
2895.31,	0.032
2895.89,	0.032
2896.45,	0.032
2897.01,	0.032
2897.56,	0.032
2898.11,	0.032
2898.69,	0.032
2899.26,	0.032
2899.86,	0.032
2900.39,	0.032
2900.97,	0.032
2901.51,	0.032
2902.08,	0.032
2902.66,	0.033
2903.23,	0.033
2903.83,	0.032
2904.39,	0.033
2904.97,	0.032
2905.55,	0.033
2906.13,	0.033
2906.72,	0.032
2907.26,	0.033
2907.86,	0.032
2908.44,	0.033
2909.01,	0.033
2909.59,	0.033
2910.16,	0.033
2910.73,	0.032
2911.31,	0.032
2911.89,	0.032
2912.47,	0.032
2913.03,	0.033
2913.59,	0.032
2914.19,	0.032
2914.73,	0.032
2915.28,	0.032
2915.86,	0.032
2916.45,	0.032
2917,	0.032
2917.59,	0.032
2918.17,	0.032
2918.76,	0.032
2919.34,	0.032
2919.89,	0.032
2920.48,	0.032
2921.05,	0.032
2921.64,	0.032
2922.22,	0.032
2922.78,	0.032
2923.36,	0.032
2923.94,	0.032
2924.51,	0.032
2925.11,	0.032
2925.66,	0.032
2926.25,	0.032
2926.83,	0.032
2927.41,	0.032
2927.98,	0.032
2928.55,	0.032
2929.13,	0.032
2929.69,	0.032
2930.28,	0.032
2930.86,	0.032
2931.41,	0.032
2931.98,	0.031
2932.55,	0.032
2933.09,	0.032
2933.67,	0.032
2934.25,	0.032
2934.83,	0.032
2935.38,	0.032
2935.92,	0.032
2936.48,	0.032
2937.06,	0.032
2937.64,	0.032
2938.22,	0.032
2938.8,	0.031
2939.33,	0.032
2939.88,	0.032
2940.42,	0.032
2941,	0.032
2941.56,	0.032
2942.13,	0.032
2942.67,	0.032
2943.25,	0.032
2943.83,	0.031
2944.39,	0.032
2944.97,	0.031
2945.55,	0.032
2946.14,	0.032
2946.72,	0.032
2947.28,	0.032
2947.84,	0.031
2948.38,	0.032
2948.94,	0.031
2949.51,	0.032
2950.11,	0.032
2950.69,	0.031
2951.23,	0.032
2951.83,	0.032
2952.41,	0.032
2952.98,	0.032
2953.58,	0.032
2954.13,	0.032
2954.72,	0.031
2955.28,	0.032
2955.88,	0.032
2956.45,	0.031
2957.01,	0.032
2957.59,	0.031
2958.17,	0.032
2958.75,	0.032
2959.33,	0.031
2959.89,	0.032
2960.45,	0.031
2961.03,	0.032
2961.59,	0.032
2962.14,	0.032
2962.72,	0.032
2963.31,	0.032
2963.86,	0.032
2964.44,	0.031
2965.03,	0.032
2965.61,	0.032
2966.19,	0.031
2966.75,	0.032
2967.34,	0.031
2967.89,	0.032
2968.48,	0.032
2969,	0.032
2969.58,	0.032
2970.16,	0.032
2970.72,	0.032
2971.3,	0.031
2971.88,	0.032
2972.45,	0.032
2973.05,	0.031
2973.61,	0.032
2974.19,	0.032
2974.76,	0.032
2975.34,	0.032
2975.92,	0.031
2976.48,	0.032
2977.05,	0.031
2977.63,	0.032
2978.22,	0.032
2978.8,	0.032
2979.34,	0.032
2979.92,	0.031
2980.51,	0.032
2981.09,	0.032
2981.67,	0.031
2982.23,	0.032
2982.81,	0.031
2983.39,	0.032
2983.97,	0.032
2984.56,	0.032
2985.11,	0.032
2985.7,	0.031
2986.28,	0.032
2986.86,	0.032
2987.44,	0.031
2988,	0.032
2988.58,	0.031
2989.16,	0.032
2989.73,	0.032
2990.31,	0.031
2990.86,	0.032
2991.45,	0.031
2992.03,	0.032
2992.63,	0.032
2993.2,	0.032
2993.76,	0.032
2994.36,	0.031
2994.94,	0.032
2995.51,	0.032
2996.09,	0.031
2996.66,	0.032
2997.23,	0.031
2997.81,	0.032
2998.39,	0.032
2998.92,	0.032
2999.48,	0.032
3000.05,	0.032
3000.59,	0.032
3001.17,	0.031
3001.76,	0.032
3002.34,	0.032
3002.92,	0.031
3003.48,	0.032
3004.06,	0.031
3004.64,	0.032
3005.22,	0.032
3005.81,	0.031
3006.36,	0.032
3006.95,	0.031
3007.53,	0.032
3008.11,	0.032
3008.69,	0.031
3009.25,	0.032
3009.81,	0.031
3010.39,	0.032
3010.98,	0.032
3011.51,	0.031
3012.06,	0.032
3012.64,	0.032
3013.19,	0.032
3013.75,	0.031
3014.3,	0.032
3014.89,	0.031
3015.47,	0.032
3016.03,	0.032
3016.58,	0.031
3017.14,	0.032
3017.72,	0.031
3018.26,	0.031
3018.86,	0.031
3019.45,	0.032
3020.01,	0.031
3020.56,	0.032
3021.13,	0.032
3021.69,	0.032
3022.23,	0.032
3022.8,	0.031
3023.34,	0.032
3023.94,	0.031
3024.51,	0.032
3025.09,	0.031
3025.67,	0.031
3026.23,	0.032
3026.81,	0.031
3027.39,	0.032
3027.98,	0.032
3028.56,	0.031
3029.11,	0.032
3029.7,	0.031
3030.28,	0.032
3030.86,	0.032
3031.44,	0.031
3032,	0.031
3032.58,	0.031
3033.14,	0.032
3033.73,	0.032
3034.31,	0.031
3034.86,	0.032
3035.44,	0.031
3036,	0.031
3036.55,	0.031
3037.11,	0.032
3037.7,	0.032
3038.28,	0.031
3038.83,	0.032
3039.38,	0.031
3039.94,	0.032
3040.48,	0.031
3041.05,	0.031
3041.61,	0.031
3042.19,	0.031
3042.75,	0.031
3043.33,	0.032
3043.88,	0.031
3044.44,	0.031
3044.98,	0.031
3045.58,	0.031
3046.16,	0.032
3046.73,	0.031
3047.31,	0.031
3047.88,	0.032
3048.45,	0.031
3049.03,	0.031
3049.61,	0.031
3050.19,	0.031
3050.75,	0.032
3051.31,	0.031
3051.89,	0.031
3052.45,	0.031
3053,	0.031
3053.58,	0.031
3054.16,	0.031
3054.7,	0.031
3055.28,	0.031
3055.88,	0.032
3056.42,	0.031
3056.97,	0.032
3057.55,	0.031
3058.14,	0.031
3058.69,	0.031
3059.28,	0.031
3059.86,	0.031
3060.44,	0.031
3061.01,	0.031
3061.58,	0.031
3062.16,	0.031
3062.73,	0.031
3063.31,	0.031
3063.91,	0.031
3064.47,	0.032
3065.05,	0.031
3065.63,	0.031
3066.2,	0.032
3066.78,	0.031
3067.34,	0.031
3067.91,	0.031
3068.48,	0.031
3069.03,	0.031
3069.59,	0.031
3070.16,	0.031
3070.73,	0.031
3071.28,	0.031
3071.88,	0.031
3072.45,	0.031
3073.03,	0.032
3073.63,	0.031
3074.17,	0.031
3074.76,	0.031
3075.34,	0.031
3075.94,	0.032
3076.51,	0.031
3077.08,	0.031
3077.64,	0.031
3078.22,	0.031
3078.81,	0.031
3079.39,	0.031
3079.94,	0.031
3080.51,	0.031
3081.11,	0.031
3081.69,	0.031
3082.26,	0.031
3082.83,	0.031
3083.41,	0.031
3083.98,	0.031
3084.55,	0.031
3085.14,	0.031
3085.7,	0.031
3086.3,	0.031
3086.88,	0.031
3087.45,	0.031
3088.03,	0.031
3088.58,	0.031
3089.16,	0.031
3089.73,	0.031
3090.33,	0.031
3090.91,	0.031
3091.45,	0.031
3092.03,	0.031
3092.63,	0.031
3093.2,	0.031
3093.78,	0.031
3094.34,	0.031
3094.92,	0.031
3095.48,	0.031
3096.03,	0.031
3096.58,	0.031
3097.17,	0.031
3097.73,	0.031
3098.28,	0.031
3098.86,	0.031
3099.42,	0.031
3099.97,	0.031
3100.56,	0.031
3101.14,	0.031
3101.73,	0.031
3102.3,	0.031
3102.86,	0.031
3103.44,	0.031
3104.03,	0.031
3104.61,	0.031
3105.16,	0.031
3105.75,	0.031
3106.33,	0.031
3106.91,	0.031
3107.48,	0.031
3108.05,	0.031
3108.63,	0.031
3109.19,	0.031
3109.78,	0.031
3110.3,	0.031
3110.88,	0.031
3111.45,	0.031
3112.01,	0.031
3112.59,	0.031
3113.17,	0.031
3113.75,	0.031
3114.33,	0.031
3114.88,	0.031
3115.45,	0.031
3116.05,	0.031
3116.63,	0.031
3117.2,	0.031
3117.75,	0.031
3118.34,	0.031
3118.92,	0.031
3119.51,	0.031
3120.09,	0.031
3120.64,	0.031
3121.22,	0.031
3121.81,	0.031
3122.39,	0.031
3122.97,	0.031
3123.51,	0.031
3124.11,	0.031
3124.69,	0.031
3125.26,	0.031
3125.86,	0.031
3126.41,	0.031
3127,	0.031
3127.58,	0.031
3128.16,	0.031
3128.73,	0.031
3129.3,	0.031
3129.84,	0.031
3130.41,	0.031
3130.95,	0.031
3131.51,	0.031
3132.11,	0.031
3132.69,	0.031
3133.23,	0.031
3133.81,	0.031
3134.41,	0.031
3134.98,	0.031
3135.56,	0.031
3136.11,	0.031
3136.66,	0.031
3137.2,	0.031
3137.8,	0.031
3138.36,	0.031
3138.94,	0.031
3139.51,	0.031
3140.06,	0.031
3140.64,	0.031
3141.2,	0.031
3141.75,	0.031
3142.34,	0.031
3142.91,	0.031
3143.44,	0.031
3144,	0.031
3144.58,	0.031
3145.14,	0.031
3145.72,	0.031
3146.3,	0.031
3146.88,	0.031
3147.41,	0.031
3147.97,	0.031
3148.53,	0.031
3149.08,	0.031
3149.64,	0.031
3150.19,	0.031
3150.78,	0.031
3151.34,	0.031
3151.94,	0.031
3152.51,	0.031
3153.08,	0.031
3153.66,	0.031
3154.23,	0.031
3154.83,	0.031
3155.41,	0.031
3155.95,	0.031
3156.55,	0.031
3157.13,	0.031
3157.7,	0.031
3158.28,	0.031
3158.84,	0.031
3159.42,	0.031
3159.98,	0.031
3160.58,	0.031
3161.16,	0.031
3161.7,	0.031
3162.28,	0.031
3162.88,	0.031
3163.45,	0.031
3164.03,	0.031
3164.58,	0.031
3165.17,	0.031
3165.75,	0.031
3166.33,	0.031
3166.92,	0.031
3167.47,	0.031
3168.05,	0.031
3168.64,	0.031
3169.22,	0.031
3169.8,	0.031
3170.36,	0.031
3170.94,	0.031
3171.5,	0.031
3172.09,	0.031
3172.67,	0.031
3173.22,	0.031
3173.75,	0.031
3174.3,	0.031
3174.88,	0.031
3175.47,	0.031
3176.05,	0.031
3176.63,	0.031
3177.19,	0.031
3177.76,	0.031
3178.34,	0.031
3178.91,	0.031
3179.5,	0.031
3180.05,	0.031
3180.59,	0.031
3181.16,	0.031
3181.73,	0.031
3182.3,	0.031
3182.84,	0.031
3183.39,	0.031
3183.95,	0.031
3184.55,	0.031
3185.09,	0.031
3185.67,	0.031
3186.26,	0.031
3186.84,	0.031
3187.42,	0.031
3187.97,	0.031
3188.58,	0.031
3189.14,	0.031
3189.72,	0.031
3190.3,	0.031
3190.86,	0.031
3191.44,	0.031
3192.01,	0.031
3192.61,	0.031
3193.19,	0.031
3193.73,	0.031
3194.28,	0.031
3194.83,	0.031
3195.42,	0.031
3195.98,	0.031
3196.58,	0.031
3197.16,	0.031
3197.72,	0.031
3198.3,	0.031
3198.88,	0.031
3199.47,	0.031
3200.05,	0.031
3200.61,	0.031
3201.17,	0.031
3201.76,	0.031
3202.34,	0.031
3202.94,	0.031
3203.48,	0.031
3204.06,	0.031
3204.66,	0.031
3205.23,	0.031
3205.81,	0.031
3206.38,	0.031
3206.95,	0.031
3207.53,	0.031
3208.11,	0.031
3208.7,	0.031
3209.25,	0.031
3209.83,	0.031
3210.42,	0.031
3211,	0.031
3211.58,	0.031
3212.14,	0.031
3212.72,	0.031
3213.28,	0.031
3213.88,	0.031
3214.45,	0.031
3215,	0.031
3215.58,	0.031
3216.16,	0.031
3216.75,	0.031
3217.33,	0.031
3217.89,	0.031
3218.47,	0.031
3219.05,	0.031
3219.63,	0.031
3220.22,	0.031
3220.76,	0.031
3221.36,	0.031
3221.92,	0.031
3222.5,	0.031
3223.08,	0.031
3223.63,	0.031
3224.2,	0.031
3224.76,	0.031
3225.31,	0.031
3225.91,	0.031
3226.47,	0.033
3227.05,	0.036
3227.59,	0.042
3228.16,	0.051
3228.7,	0.062
3229.3,	0.075
3229.88,	0.09
3230.45,	0.103
3231.03,	0.118
3231.59,	0.131
3232.17,	0.143
3232.75,	0.153
3233.33,	0.164
3233.92,	0.172
3234.47,	0.18
3235.06,	0.187
3235.64,	0.192
3236.22,	0.197
3236.8,	0.201
3237.36,	0.205
3237.94,	0.207
3238.51,	0.212
3239.09,	0.22
3239.67,	0.231
3240.22,	0.244
3240.8,	0.258
3241.36,	0.273
3241.91,	0.286
3242.5,	0.298
3243.06,	0.307
3243.66,	0.316
3244.22,	0.324
3244.8,	0.329
3245.38,	0.335
3245.95,	0.339
3246.55,	0.342
3247.09,	0.344
3247.69,	0.347
3248.26,	0.35
3248.84,	0.359
3249.42,	0.371
3249.98,	0.386
3250.56,	0.401
3251.14,	0.413
3251.73,	0.426
3252.28,	0.435
3252.84,	0.444
3253.42,	0.449
3253.98,	0.455
3254.56,	0.459
3255.14,	0.462
3255.72,	0.466
3256.31,	0.476
3256.86,	0.49
3257.44,	0.503
3258.03,	0.52
3258.61,	0.534
3259.19,	0.545
3259.75,	0.555
3260.33,	0.562
3260.91,	0.567
3261.5,	0.572
3262.08,	0.574
3262.64,	0.577
3263.2,	0.583
3263.73,	0.593
3264.3,	0.608
3264.88,	0.623
3265.45,	0.639
3266.05,	0.651
3266.59,	0.662
3267.16,	0.669
3267.7,	0.676
3268.3,	0.681
3268.88,	0.684
3269.45,	0.687
3270.03,	0.689
3270.59,	0.69
3271.19,	0.692
3271.75,	0.692
3272.34,	0.693
3272.94,	0.692
3273.5,	0.694
3274.09,	0.694
3274.67,	0.695
3275.25,	0.706
3275.83,	0.725
3276.39,	0.75
3276.98,	0.774
3277.55,	0.794
3278.09,	0.809
3278.64,	0.821
3279.22,	0.831
3279.81,	0.837
3280.36,	0.843
3280.95,	0.847
3281.53,	0.85
3282.11,	0.852
3282.7,	0.851
3283.25,	0.854
3283.83,	0.854
3284.42,	0.865
3284.97,	0.885
3285.51,	0.905
3286.09,	0.919
3286.69,	0.93
3287.25,	0.939
3287.83,	0.945
3288.41,	0.95
3288.98,	0.954
3289.56,	0.956
3290.13,	0.958
3290.69,	0.96
3291.26,	0.96
3291.81,	0.961
3292.38,	0.961
3292.94,	0.962
3293.51,	0.962
3294.06,	0.966
3294.64,	0.974
3295.23,	0.984
3295.81,	0.991
3296.39,	0.998
3296.94,	1.01
3297.48,	1.02
3298.03,	1.02
3298.63,	1.03
3299.19,	1.03
3299.78,	1.03
3300.36,	1.04
3300.92,	1.04
3301.5,	1.04
3302.08,	1.04
3302.66,	1.04
3303.25,	1.04
3303.81,	1.04
3304.39,	1.04
3304.97,	1.04
3305.55,	1.04
3306.14,	1.04
3306.69,	1.04
3307.26,	1.04
3307.86,	1.05
3308.41,	1.06
3308.97,	1.08
3309.55,	1.1
3310.13,	1.12
3310.69,	1.13
3311.26,	1.14
3311.84,	1.14
3312.42,	1.15
3313.01,	1.15
3313.56,	1.15
3314.16,	1.16
3314.73,	1.16
3315.31,	1.16
3315.89,	1.16
3316.45,	1.16
3317.03,	1.16
3317.63,	1.16
3318.2,	1.16
3318.73,	1.16
3319.28,	1.16
3319.86,	1.16
3320.42,	1.16
3321,	1.16
3321.58,	1.16
3322.17,	1.16
3322.75,	1.16
3324.78,	1.16
3324.8,	1.16
3324.81,	1.16
3325.05,	1.16
3325.64,	1.16
3327.75,	1.16
3327.76,	1.16
3327.78,	1.17
3327.94,	1.17
3328.53,	1.16
3329.08,	1.16
3329.66,	1.16
3330.25,	1.15
3330.83,	1.14
3331.41,	1.14
3331.97,	1.13
3332.56,	1.12
3333.13,	1.11
3333.69,	1.11
3338.72,	1.1
3338.73,	1.09
3338.75,	1.08
3338.76,	1.08
3338.78,	1.07
3338.8,	1.06
3338.81,	1.05
3338.83,	1.05
3338.84,	1.04
3339.38,	1.03
3339.92,	1.02
3340.53,	1.01
3341.09,	1.01
3341.64,	1
3342.2,	0.997
3342.78,	0.994
3343.36,	0.99
3343.92,	0.987
3344.5,	0.984
3345.08,	0.98
3345.67,	0.977
3346.25,	0.974
3346.8,	0.971
3347.39,	0.968
3347.97,	0.964
3348.55,	0.961
3349.14,	0.958
3349.69,	0.955
3350.26,	0.952
3350.86,	0.948
3351.42,	0.946
3351.97,	0.942
3352.51,	0.939
3353.09,	0.936
3353.66,	0.933
3354.25,	0.93
3354.83,	0.927
3355.41,	0.924
3355.98,	0.921
3356.55,	0.918
3357.14,	0.916
3357.7,	0.913
3358.3,	0.909
3358.88,	0.906
3359.44,	0.903
3360.01,	0.9
3360.59,	0.896
3361.17,	0.891
3361.75,	0.885
3362.31,	0.88
3362.89,	0.876
3363.45,	0.87
3364.05,	0.865
3364.64,	0.861
3365.2,	0.855
3365.78,	0.85
3366.36,	0.845
3366.95,	0.841
3367.53,	0.835
3368.09,	0.83
3368.69,	0.826
3369.25,	0.82
3369.84,	0.816
3370.42,	0.811
3370.98,	0.807
3371.56,	0.803
3372.14,	0.798
3372.72,	0.793
3373.3,	0.787
3373.86,	0.784
3374.44,	0.779
3375.03,	0.775
3375.61,	0.77
3376.19,	0.765
3376.75,	0.761
3377.33,	0.758
3377.91,	0.753
3378.5,	0.749
3379.08,	0.745
3379.63,	0.74
3380.2,	0.736
3380.8,	0.732
3381.38,	0.727
3381.91,	0.723
3382.45,	0.719
3383.03,	0.714
3383.59,	0.711
3384.17,	0.707
3384.75,	0.703
3385.34,	0.699
3385.92,	0.694
3386.45,	0.691
3387.03,	0.686
3387.59,	0.684
3388.14,	0.68
3388.73,	0.676
3389.3,	0.672
3389.89,	0.667
3390.45,	0.664
3391.03,	0.66
3391.61,	0.657
3392.19,	0.653
3392.78,	0.649
3393.33,	0.647
3393.92,	0.643
3394.5,	0.639
3395.08,	0.635
3395.66,	0.631
3396.22,	0.628
3396.8,	0.625
3397.39,	0.621
3397.97,	0.617
3398.55,	0.613
3399.09,	0.61
3399.7,	0.607
3400.26,	0.603
3400.84,	0.599
3401.44,	0.595
3401.98,	0.593
3402.58,	0.59
3403.16,	0.587
3403.73,	0.583
3404.31,	0.58
3404.88,	0.577
3405.45,	0.575
3406.03,	0.57
3406.61,	0.567
3407.14,	0.564
3407.7,	0.562
3408.28,	0.557
3408.84,	0.555
3409.42,	0.552
3410,	0.549
3410.58,	0.546
3411.16,	0.543
3411.72,	0.541
3412.31,	0.538
3412.89,	0.534
3413.47,	0.531
3414.05,	0.527
3414.61,	0.526
3415.19,	0.523
3415.75,	0.52
3416.34,	0.516
3416.92,	0.513
3417.47,	0.511
3418.03,	0.507
3418.58,	0.505
3419.17,	0.503
3419.73,	0.5
3420.33,	0.497
3420.91,	0.494
3421.47,	0.491
3422.05,	0.49
3422.63,	0.487
3423.2,	0.484
3423.8,	0.48
3424.36,	0.479
3424.94,	0.477
3425.51,	0.474
3426.09,	0.471
3426.67,	0.467
3427.23,	0.466
3427.81,	0.463
3428.41,	0.461
3429,	0.458
3429.58,	0.455
3430.14,	0.454
3430.7,	0.451
3431.28,	0.448
3431.88,	0.446
3432.45,	0.444
3433,	0.441
3433.58,	0.439
3434.17,	0.436
3434.75,	0.434
3435.33,	0.431
3435.89,	0.43
3436.47,	0.428
3437.03,	0.424
3437.58,	0.423
3438.14,	0.421
3438.73,	0.418
3439.31,	0.415
3439.88,	0.413
3440.47,	0.412
3441.05,	0.409
3441.63,	0.407
3442.2,	0.405
3442.76,	0.402
3443.36,	0.4
3443.94,	0.398
3444.51,	0.395
3445.11,	0.394
3445.66,	0.392
3446.25,	0.39
3446.83,	0.387
3447.41,	0.385
3447.98,	0.383
3448.55,	0.381
3449.13,	0.38
3449.7,	0.378
3450.28,	0.375
3450.88,	0.372
3451.42,	0.372
3451.98,	0.369
3452.56,	0.367
3453.16,	0.365
3453.75,	0.364
3454.31,	0.362
3454.89,	0.36
3455.47,	0.358
3456.05,	0.356
3456.63,	0.353
3457.19,	0.352
3457.75,	0.35
3458.34,	0.349
3458.92,	0.346
3459.5,	0.344
3460.03,	0.343
3460.59,	0.341
3461.14,	0.34
3461.72,	0.338
3462.3,	0.336
3462.89,	0.334
3463.47,	0.331
3464.01,	0.331
3464.59,	0.328
3465.16,	0.327
3465.72,	0.326
3466.26,	0.324
3466.84,	0.323
3467.44,	0.32
3467.98,	0.319
3468.56,	0.317
3469.16,	0.315
3469.72,	0.314
3470.31,	0.311
3470.88,	0.31
3471.45,	0.309
3472.01,	0.307
3472.59,	0.306
3473.19,	0.304
3473.73,	0.302
3474.28,	0.3
3474.84,	0.299
3475.39,	0.297
3475.98,	0.296
3476.56,	0.295
3477.14,	0.292
3477.7,	0.291
3478.28,	0.29
3478.86,	0.288
3479.42,	0.288
3480.01,	0.285
3480.56,	0.284
3481.14,	0.282
3481.73,	0.282
3482.28,	0.281
3482.83,	0.279
3483.41,	0.277
3484,	0.275
3484.55,	0.274
3485.14,	0.274
3485.72,	0.272
3486.3,	0.27
3486.88,	0.269
3487.44,	0.267
3488.01,	0.267
3488.59,	0.265
3489.17,	0.264
3489.7,	0.262
3524.42,	0.261
3524.44,	0.258
3524.45,	0.258
3524.45,	0.256
3524.47,	0.256
3524.48,	0.255
3524.5,	0.254
3524.51,	0.252
3524.53,	0.251
3524.55,	0.25
3524.56,	0.247
3524.56,	0.247
3524.58,	0.246
3524.59,	0.244
3524.61,	0.243
3524.63,	0.242
3524.64,	0.241
3524.66,	0.24
3524.66,	0.238
3524.67,	0.237
3524.69,	0.235
3524.7,	0.234
3524.72,	0.233
3524.73,	0.232
3524.75,	0.231
3524.75,	0.23
3524.76,	0.229
3524.78,	0.228
3524.8,	0.227
3524.81,	0.225
3524.83,	0.224
3524.84,	0.223
3524.86,	0.221
3524.86,	0.221
3524.88,	0.219
3524.89,	0.219
3524.91,	0.218
3524.92,	0.217
3524.94,	0.216
3524.95,	0.214
3524.95,	0.213
3524.97,	0.212
3524.98,	0.211
3525,	0.21
3525.01,	0.208
3525.03,	0.208
3525.05,	0.206
3525.06,	0.206
3525.06,	0.205
3525.08,	0.203
3525.09,	0.203
3525.11,	0.201
3525.13,	0.201
3525.14,	0.2
3525.16,	0.198
3525.16,	0.198
3525.17,	0.197
3525.19,	0.196
3525.2,	0.195
3525.22,	0.194
3525.23,	0.193
3525.25,	0.192
3525.69,	0.191
3526.25,	0.191
3526.84,	0.189
3527.39,	0.188
3527.97,	0.187
3528.56,	0.186
3529.14,	0.186
3529.72,	0.184
3530.28,	0.184
3530.86,	0.183
3531.44,	0.182
3532.01,	0.182
3532.59,	0.18
3533.16,	0.179
3533.73,	0.179
3534.33,	0.178
3534.91,	0.177
3535.47,	0.175
3536.01,	0.175
3536.58,	0.174
3537.13,	0.173
3537.7,	0.172
3538.28,	0.172
3538.86,	0.172
3539.44,	0.17
3559.3,	0.169
3559.3,	0.168
3559.31,	0.168
3559.33,	0.167
3559.34,	0.166
3559.36,	0.166
3559.38,	0.165
3559.39,	0.164
3559.41,	0.163
3559.41,	0.162
3559.42,	0.161
3559.44,	0.161
3559.45,	0.16
3559.47,	0.159
3559.48,	0.159
3559.5,	0.158
3559.51,	0.158
3559.51,	0.156
3559.53,	0.156
3559.55,	0.154
3559.56,	0.154
3559.58,	0.153
3559.59,	0.153
3559.61,	0.152
3559.61,	0.151
3559.63,	0.151
3559.64,	0.15
3559.66,	0.149
3559.67,	0.149
3559.69,	0.147
3559.7,	0.147
3559.72,	0.146
3559.72,	0.146
3559.73,	0.145
3559.75,	0.144
3559.81,	0.144
3560.38,	0.143
3560.95,	0.142
3561.83,	0.142
3562.13,	0.141
3562.67,	0.14
