697.797,	629
698.328,	494
698.875,	476
699.438,	457
701.047,	903
701.609,	670
702.125,	548
702.656,	458
703.219,	393
703.781,	344
704.328,	301
704.875,	255
705.438,	212
705.938,	165
706.484,	107
707,	71
707.531,	53
708.047,	40.4
708.547,	32.1
709.047,	25.5
709.578,	20.8
710.094,	16.7
710.625,	13.7
711.172,	11.2
711.734,	9.09
712.234,	7.58
712.781,	6.22
713.313,	5.12
713.844,	4.26
714.391,	3.53
714.922,	3
715.469,	2.53
716.016,	2.15
716.531,	1.86
717.078,	1.59
717.625,	1.37
718.172,	1.18
718.75,	0.998
719.297,	0.932
719.828,	0.862
720.359,	0.771
720.891,	0.694
721.438,	0.634
721.969,	0.576
722.531,	0.527
723.078,	0.484
723.625,	0.447
724.141,	0.414
724.656,	0.387
725.188,	0.362
725.688,	0.341
726.188,	0.323
726.719,	0.306
727.266,	0.289
727.828,	0.274
728.328,	0.263
728.875,	0.25
729.406,	0.239
729.938,	0.23
730.484,	0.221
730.984,	0.213
731.516,	0.205
732.063,	0.199
732.594,	0.192
733.125,	0.188
733.656,	0.182
734.172,	0.178
734.703,	0.173
735.234,	0.17
735.781,	0.166
736.313,	0.163
736.875,	0.159
737.422,	0.156
737.969,	0.153
738.484,	0.151
738.984,	0.148
739.531,	0.147
740.031,	0.144
740.531,	0.143
741.063,	0.141
741.609,	0.14
742.172,	0.137
742.672,	0.137
743.219,	0.134
743.766,	0.134
744.281,	0.133
744.781,	0.132
745.328,	0.13
745.828,	0.13
746.375,	0.128
746.906,	0.128
747.422,	0.126
747.938,	0.126
748.516,	0.125
749.078,	0.124
749.625,	0.124
750.156,	0.123
750.703,	0.122
751.219,	0.122
751.766,	0.121
752.266,	0.12
752.813,	0.12
753.359,	0.119
753.875,	0.119
754.406,	0.118
754.953,	0.118
755.516,	0.117
756.016,	0.117
756.563,	0.116
757.109,	0.116
757.625,	0.115
758.172,	0.115
758.672,	0.115
759.172,	0.114
759.734,	0.114
760.25,	0.113
760.781,	0.113
761.359,	0.113
761.922,	0.112
762.422,	0.112
762.969,	0.112
763.516,	0.11
764.063,	0.111
764.578,	0.11
765.109,	0.11
765.672,	0.11
766.219,	0.109
766.75,	0.109
767.297,	0.109
767.813,	0.108
768.359,	0.108
768.875,	0.108
769.406,	0.107
769.969,	0.107
770.547,	0.107
771.047,	0.107
771.594,	0.106
772.109,	0.106
772.625,	0.105
773.156,	0.105
773.656,	0.105
774.188,	0.105
774.75,	0.104
775.297,	0.104
775.844,	0.103
776.359,	0.104
776.906,	0.103
777.406,	0.103
777.953,	0.102
778.484,	0.102
779.016,	0.102
779.516,	0.102
780.063,	0.101
780.563,	0.101
781.141,	0.101
781.703,	0.101
782.203,	0.1
782.75,	0.1
783.313,	0.1
783.813,	0.1
784.359,	0.1
784.891,	0.099
785.422,	0.099
785.938,	0.099
786.484,	0.099
787,	0.098
787.547,	0.099
788.094,	0.098
788.609,	0.098
789.141,	0.098
789.688,	0.098
790.25,	0.097
790.75,	0.097
791.297,	0.096
791.828,	0.097
792.359,	0.096
792.906,	0.096
793.438,	0.096
793.984,	0.096
794.5,	0.095
795.047,	0.095
795.547,	0.095
796.047,	0.095
796.594,	0.094
797.125,	0.095
797.656,	0.094
798.234,	0.094
798.781,	0.094
799.297,	0.094
799.844,	0.094
800.406,	0.093
800.906,	0.093
801.453,	0.093
801.953,	0.093
802.484,	0.093
803.031,	0.093
803.594,	0.092
804.094,	0.092
804.641,	0.091
805.172,	0.092
805.703,	0.091
806.203,	0.092
806.75,	0.091
807.281,	0.091
807.781,	0.09
808.297,	0.091
808.844,	0.09
809.344,	0.091
809.859,	0.09
810.391,	0.091
810.891,	0.09
811.422,	0.09
811.938,	0.09
818.344,	0.09
818.344,	0.089
818.359,	0.089
818.359,	0.089
818.359,	0.089
818.359,	0.088
818.375,	0.089
818.375,	0.088
818.375,	0.088
818.375,	0.088
818.391,	0.088
818.391,	0.088
818.922,	0.088
819.469,	0.088
821.203,	0.088
821.219,	0.088
821.219,	0.087
821.625,	0.087
822.188,	0.086
823.734,	0.087
823.734,	0.086
823.766,	0.087
824.313,	0.086
824.844,	0.086
825.344,	0.086
825.891,	0.086
826.422,	0.086
826.969,	0.086
827.531,	0.086
828.078,	0.085
828.594,	0.086
829.141,	0.085
829.672,	0.085
830.234,	0.084
830.734,	0.085
831.281,	0.084
831.813,	0.085
832.328,	0.084
832.859,	0.084
833.391,	0.084
833.938,	0.084
834.438,	0.084
834.984,	0.084
835.516,	0.084
836.047,	0.084
836.578,	0.084
837.109,	0.083
837.641,	0.084
838.188,	0.083
838.719,	0.083
839.281,	0.083
839.797,	0.083
840.328,	0.083
840.875,	0.083
841.422,	0.082
841.938,	0.083
842.484,	0.082
843.031,	0.082
843.563,	0.082
844.094,	0.082
844.656,	0.082
845.172,	0.082
845.703,	0.082
846.266,	0.082
846.813,	0.082
847.375,	0.081
847.891,	0.081
848.422,	0.081
848.953,	0.081
849.484,	0.081
850.031,	0.081
850.531,	0.081
851.031,	0.081
851.563,	0.081
852.109,	0.081
852.672,	0.08
853.172,	0.081
853.719,	0.08
854.25,	0.08
858.469,	0.08
858.469,	0.08
858.469,	0.08
858.484,	0.08
858.484,	0.079
858.484,	0.08
858.484,	0.079
858.5,	0.08
859.016,	0.079
859.531,	0.079
860.422,	0.079
860.625,	0.079
861.156,	0.079
861.688,	0.079
862.25,	0.079
862.766,	0.079
863.297,	0.079
863.859,	0.079
864.406,	0.079
864.969,	0.078
865.469,	0.079
866.016,	0.078
866.516,	0.079
867.063,	0.078
867.594,	0.078
868.125,	0.078
868.672,	0.078
869.203,	0.078
869.75,	0.078
870.297,	0.078
870.813,	0.078
871.344,	0.078
871.859,	0.077
872.406,	0.078
872.922,	0.077
873.453,	0.078
874.016,	0.077
874.531,	0.077
875.063,	0.077
875.609,	0.077
876.172,	0.077
876.719,	0.077
877.25,	0.077
877.797,	0.077
878.344,	0.077
878.859,	0.077
879.391,	0.077
879.953,	0.076
880.469,	0.076
881,	0.076
881.516,	0.076
882.063,	0.076
882.578,	0.076
883.109,	0.076
883.656,	0.076
884.203,	0.075
884.719,	0.076
885.266,	0.075
885.828,	0.076
886.344,	0.075
886.875,	0.075
887.438,	0.076
887.953,	0.075
888.484,	0.075
889.047,	0.075
889.594,	0.075
890.156,	0.074
890.656,	0.075
891.203,	0.074
891.75,	0.075
892.266,	0.074
892.813,	0.075
893.313,	0.074
893.813,	0.075
894.344,	0.074
894.859,	0.074
895.391,	0.074
895.891,	0.074
896.422,	0.074
896.953,	0.074
897.453,	0.074
897.984,	0.074
898.5,	0.074
899.047,	0.074
899.594,	0.074
900.141,	0.074
900.703,	0.073
901.203,	0.074
901.75,	0.073
902.328,	0.073
902.891,	0.074
903.453,	0.073
903.969,	0.073
904.5,	0.073
905.047,	0.073
905.594,	0.073
906.109,	0.073
906.609,	0.073
907.156,	0.073
907.688,	0.072
908.234,	0.073
908.766,	0.073
909.328,	0.073
909.875,	0.073
910.406,	0.073
910.938,	0.073
911.484,	0.073
912.016,	0.073
912.547,	0.072
913.094,	0.072
913.641,	0.072
914.156,	0.072
914.703,	0.071
915.266,	0.072
915.781,	0.072
916.313,	0.072
916.875,	0.072
917.391,	0.072
917.922,	0.072
918.484,	0.072
919.031,	0.072
919.594,	0.071
920.094,	0.072
920.641,	0.071
921.188,	0.072
921.703,	0.071
922.25,	0.071
922.781,	0.071
923.328,	0.071
923.859,	0.071
924.391,	0.071
924.891,	0.071
925.438,	0.071
925.984,	0.071
926.5,	0.071
927.047,	0.071
927.547,	0.071
928.078,	0.071
928.625,	0.071
929.156,	0.071
929.688,	0.071
930.219,	0.071
930.734,	0.07
931.266,	0.071
931.828,	0.07
932.375,	0.071
932.938,	0.07
933.438,	0.07
933.984,	0.07
934.516,	0.07
935.047,	0.07
935.594,	0.07
936.094,	0.07
936.594,	0.07
937.125,	0.07
937.672,	0.07
938.234,	0.069
938.75,	0.07
939.281,	0.069
939.813,	0.07
940.344,	0.069
940.844,	0.07
941.359,	0.069
941.891,	0.07
942.422,	0.069
942.969,	0.07
943.531,	0.069
944.094,	0.069
944.641,	0.069
945.141,	0.069
945.641,	0.069
946.188,	0.069
946.719,	0.069
947.266,	0.069
947.813,	0.069
948.328,	0.069
948.859,	0.069
949.375,	0.069
949.922,	0.069
950.469,	0.069
951.016,	0.069
951.578,	0.068
952.078,	0.069
952.625,	0.068
953.156,	0.069
953.688,	0.068
954.234,	0.069
954.766,	0.068
955.328,	0.068
955.828,	0.068
956.328,	0.068
956.875,	0.068
957.375,	0.068
957.922,	0.068
958.453,	0.068
958.984,	0.068
959.531,	0.068
960.063,	0.068
960.609,	0.068
961.156,	0.068
961.672,	0.068
962.219,	0.068
962.766,	0.068
963.313,	0.068
963.875,	0.067
964.375,	0.068
964.922,	0.067
965.484,	0.067
966.063,	0.068
966.625,	0.067
967.141,	0.068
967.672,	0.067
968.219,	0.067
968.766,	0.067
969.281,	0.067
969.828,	0.067
970.359,	0.067
970.906,	0.067
971.438,	0.067
971.969,	0.067
972.5,	0.067
973.047,	0.067
973.609,	0.067
974.156,	0.067
974.719,	0.066
975.219,	0.067
975.766,	0.066
976.297,	0.067
976.828,	0.067
977.375,	0.067
977.875,	0.066
978.375,	0.067
978.953,	0.066
979.516,	0.067
980.047,	0.066
980.563,	0.066
981.094,	0.066
981.625,	0.066
982.125,	0.066
982.672,	0.066
983.203,	0.066
983.75,	0.066
984.297,	0.066
984.813,	0.066
985.344,	0.066
986.063,	0.066
986.406,	0.066
986.922,	0.066
987.453,	0.066
988.141,	0.066
988.547,	0.066
989.109,	0.065
989.641,	0.066
990.172,	0.065
990.672,	0.066
991.219,	0.065
991.719,	0.066
992.25,	0.066
992.797,	0.066
993.359,	0.065
993.938,	0.065
994.5,	0.066
995.063,	0.065
995.563,	0.066
996.109,	0.065
996.609,	0.066
997.109,	0.065
997.641,	0.065
998.156,	0.065
998.703,	0.065
999.25,	0.065
999.797,	0.065
1000.44,	0.065
1000.87,	0.065
1001.41,	0.064
1001.91,	0.065
1002.45,	0.064
1003.02,	0.065
1003.72,	0.065
1004.06,	0.065
1004.59,	0.064
1005.17,	0.065
1005.7,	0.065
1006.23,	0.065
1006.8,	0.065
1007.31,	0.065
1007.86,	0.065
1008.41,	0.065
1008.91,	0.065
1009.41,	0.064
1009.94,	0.065
1010.45,	0.064
1011,	0.064
1011.55,	0.064
1012.06,	0.065
1012.59,	0.064
1013.14,	0.064
1013.72,	0.064
1014.28,	0.064
1014.8,	0.064
1015.33,	0.064
1015.89,	0.064
1016.89,	0.064
1016.97,	0.064
1017.5,	0.064
1018.03,	0.064
1018.55,	0.064
1019.86,	0.064
1019.86,	0.063
1020.11,	0.064
1020.64,	0.064
1021.67,	0.064
1021.69,	0.064
1022.23,	0.064
1022.8,	0.063
1023.3,	0.064
1023.84,	0.063
1024.41,	0.064
1024.91,	0.063
1025.41,	0.064
1025.98,	0.063
1026.55,	0.063
1027.05,	0.063
1027.55,	0.063
1028.09,	0.063
1028.66,	0.063
1029.2,	0.063
1029.7,	0.063
1030.2,	0.063
1030.75,	0.063
1031.28,	0.063
1031.83,	0.063
1032.38,	0.063
1032.89,	0.063
1033.44,	0.063
1033.98,	0.063
1034.53,	0.063
1035.09,	0.062
1035.59,	0.063
1036.14,	0.062
1036.64,	0.063
1037.19,	0.062
1037.72,	0.063
1038.25,	0.062
1038.75,	0.063
1039.3,	0.062
1039.83,	0.063
1040.38,	0.062
1040.94,	0.062
1041.44,	0.062
1041.98,	0.062
1042.55,	0.063
1043.08,	0.062
1043.63,	0.063
1044.17,	0.062
1044.69,	0.062
1045.19,	0.062
1045.73,	0.062
1046.28,	0.062
1046.8,	0.062
1047.33,	0.062
1047.88,	0.062
1048.44,	0.061
1048.94,	0.062
1049.48,	0.061
1050.02,	0.062
1050.53,	0.061
1051.06,	0.062
1051.59,	0.062
1052.14,	0.062
1052.67,	0.062
1053.22,	0.062
1053.78,	0.062
1054.34,	0.062
1054.84,	0.062
1055.39,	0.062
1055.89,	0.062
1056.42,	0.062
1056.97,	0.062
1057.53,	0.061
1058.11,	0.062
1058.67,	0.062
1059.23,	0.062
1059.77,	0.062
1060.33,	0.061
1060.86,	0.061
1061.39,	0.061
1061.89,	0.062
1062.44,	0.061
1062.94,	0.061
1063.47,	0.061
1064.02,	0.061
1064.55,	0.061
1065.13,	0.061
1065.69,	0.061
1066.19,	0.061
1066.73,	0.061
1067.27,	0.061
1067.8,	0.061
1068.31,	0.061
1068.84,	0.061
1069.38,	0.061
1069.91,	0.061
1070.42,	0.061
1070.94,	0.061
1071.48,	0.061
1072.02,	0.061
1072.58,	0.061
1073.09,	0.061
1073.63,	0.061
1074.17,	0.061
1074.72,	0.06
1075.23,	0.061
1075.73,	0.06
1076.28,	0.061
1076.81,	0.06
1077.36,	0.061
1077.89,	0.06
1078.45,	0.061
1079,	0.061
1079.56,	0.061
1080.11,	0.061
1080.67,	0.06
1081.17,	0.061
1081.72,	0.06
1082.27,	0.06
1082.78,	0.06
1083.28,	0.061
1083.83,	0.06
1084.33,	0.06
1084.86,	0.06
1085.41,	0.06
1085.97,	0.06
1086.47,	0.06
1087.02,	0.059
1087.55,	0.06
1088.08,	0.06
1088.66,	0.06
1089.2,	0.06
1089.72,	0.06
1090.25,	0.06
1090.77,	0.06
1091.3,	0.06
1091.81,	0.06
1092.36,	0.06
1092.88,	0.06
1093.41,	0.06
1093.97,	0.06
1094.5,	0.06
1095.06,	0.059
1095.59,	0.06
1096.13,	0.06
1096.63,	0.06
1097.2,	0.059
1097.75,	0.06
1098.27,	0.059
1098.77,	0.06
1099.31,	0.059
1099.81,	0.06
1100.36,	0.059
1100.89,	0.06
1101.42,	0.059
1101.97,	0.059
1102.5,	0.059
1103.05,	0.059
1103.66,	0.059
1104.11,	0.059
1104.64,	0.059
1105.2,	0.059
1105.75,	0.059
1106.33,	0.059
1106.89,	0.059
1107.41,	0.059
1107.94,	0.059
1108.5,	0.059
1109,	0.059
1109.55,	0.059
1110.09,	0.059
1110.63,	0.059
1111.16,	0.059
1111.7,	0.059
1112.27,	0.058
1112.8,	0.059
1113.34,	0.059
1113.88,	0.059
1114.44,	0.059
1114.95,	0.059
1115.5,	0.059
1116.05,	0.059
1116.59,	0.059
1117.16,	0.058
1117.66,	0.059
1118.2,	0.058
1118.7,	0.059
1119.25,	0.058
1119.77,	0.058
1120.31,	0.058
1120.86,	0.058
1121.39,	0.058
1121.94,	0.058
1122.48,	0.059
1123,	0.058
1123.53,	0.058
1124.09,	0.058
1124.61,	0.058
1125.14,	0.058
1125.69,	0.059
1126.25,	0.058
1126.75,	0.058
1127.3,	0.058
1127.81,	0.058
1128.36,	0.058
1128.91,	0.058
1129.44,	0.058
1129.98,	0.058
1130.53,	0.058
1131.05,	0.058
1131.58,	0.058
1132.14,	0.058
1132.66,	0.058
1133.19,	0.058
1133.73,	0.058
1134.3,	0.057
1134.83,	0.058
1135.34,	0.057
1135.88,	0.058
1136.41,	0.058
1136.95,	0.058
1137.48,	0.058
1138.03,	0.058
1138.58,	0.058
1139.09,	0.058
1139.63,	0.058
1140.14,	0.058
1140.69,	0.058
1141.2,	0.058
1141.73,	0.058
1142.3,	0.058
1142.83,	0.058
1143.34,	0.058
1143.89,	0.058
1144.45,	0.057
1145,	0.058
1145.5,	0.057
1146.06,	0.057
1146.58,	0.057
1147.11,	0.057
1147.67,	0.057
1148.19,	0.057
1148.72,	0.058
1149.25,	0.057
1149.78,	0.058
1150.34,	0.057
1150.83,	0.057
1151.39,	0.057
1151.94,	0.057
1152.48,	0.057
1153,	0.057
1153.55,	0.057
1154.11,	0.057
1154.63,	0.057
1155.16,	0.057
1155.72,	0.057
1156.23,	0.057
1156.77,	0.057
1157.33,	0.057
1157.88,	0.057
1158.44,	0.056
1158.95,	0.057
1159.48,	0.056
1160.02,	0.057
1160.55,	0.057
1161.05,	0.057
1161.59,	0.056
1162.09,	0.057
1162.64,	0.056
1163.17,	0.057
1163.67,	0.056
1164.2,	0.057
1164.75,	0.057
1165.31,	0.057
1165.84,	0.057
1166.34,	0.057
1166.89,	0.057
1167.42,	0.057
1167.98,	0.057
1168.48,	0.057
1168.98,	0.056
1169.53,	0.057
1170.03,	0.056
1170.58,	0.057
1171.14,	0.057
1171.64,	0.057
1172.19,	0.056
1172.72,	0.057
1173.27,	0.057
1174.14,	0.056
1174.31,	0.057
1174.83,	0.056
1175.38,	0.057
1175.92,	0.056
1176.44,	0.057
1176.97,	0.056
1177.52,	0.056
1178.08,	0.056
1178.58,	0.056
1179.13,	0.056
1179.66,	0.056
1180.19,	0.056
1180.73,	0.056
1181.27,	0.056
1181.81,	0.056
1182.34,	0.056
1182.88,	0.056
1183.44,	0.056
1183.98,	0.056
1184.52,	0.056
1185.08,	0.056
1185.58,	0.056
1186.08,	0.056
1186.61,	0.056
1187.13,	0.056
1187.66,	0.056
1188.17,	0.056
1188.7,	0.056
1189.22,	0.056
1189.77,	0.056
1190.28,	0.056
1190.81,	0.056
1191.38,	0.056
1191.89,	0.056
1192.42,	0.056
1192.97,	0.056
1193.53,	0.056
1194.11,	0.056
1194.66,	0.056
1195.17,	0.056
1195.7,	0.056
1196.22,	0.056
1196.77,	0.056
1197.31,	0.056
1197.83,	0.056
1198.36,	0.056
1198.91,	0.056
1199.47,	0.055
1199.97,	0.056
1200.52,	0.055
1201.05,	0.056
1201.58,	0.055
1202.13,	0.056
1202.66,	0.055
1203.2,	0.055
1203.73,	0.055
1204.27,	0.055
1204.77,	0.055
1205.31,	0.055
1205.88,	0.056
1206.38,	0.055
1206.88,	0.055
1207.42,	0.055
1207.95,	0.055
1208.48,	0.055
1209.05,	0.055
1209.56,	0.055
1210.11,	0.055
1210.66,	0.055
1211.17,	0.055
1211.7,	0.055
1212.25,	0.055
1212.81,	0.054
1213.31,	0.055
1213.86,	0.054
1214.39,	0.055
1214.92,	0.055
1215.42,	0.055
1215.97,	0.055
1216.5,	0.055
1217.05,	0.055
1217.56,	0.055
1218.11,	0.055
1218.64,	0.055
1219.17,	0.055
1219.72,	0.055
1220.22,	0.055
1220.77,	0.055
1221.3,	0.055
1221.83,	0.055
1222.39,	0.055
1222.91,	0.055
1223.44,	0.055
1224,	0.055
1224.55,	0.055
1225.11,	0.054
1225.61,	0.055
1226.16,	0.054
1226.73,	0.055
1227.3,	0.055
1227.86,	0.055
1228.38,	0.055
1228.91,	0.055
1229.45,	0.055
1230,	0.054
1230.52,	0.055
1231.02,	0.054
1231.56,	0.055
1232.09,	0.054
1232.64,	0.055
1233.17,	0.054
1233.73,	0.054
1234.25,	0.054
1234.78,	0.054
1235.34,	0.055
1235.91,	0.054
1236.42,	0.055
1236.95,	0.054
1237.5,	0.054
1238.05,	0.054
1238.56,	0.054
1239.11,	0.054
1239.67,	0.054
1240.19,	0.054
1240.7,	0.054
1241.22,	0.054
1241.77,	0.054
1242.33,	0.054
1242.89,	0.054
1243.44,	0.055
1244,	0.054
1244.5,	0.054
1245.05,	0.054
1245.58,	0.054
1246.09,	0.054
1246.61,	0.054
1247.11,	0.054
1247.66,	0.054
1248.16,	0.054
1248.66,	0.054
1249.19,	0.054
1249.73,	0.054
1250.3,	0.053
1250.8,	0.054
1251.34,	0.054
1251.89,	0.054
1252.41,	0.054
1252.91,	0.054
1253.45,	0.054
1253.95,	0.054
1254.48,	0.054
1255.03,	0.054
1255.59,	0.053
1256.11,	0.054
1256.64,	0.053
1257.19,	0.054
1257.7,	0.054
1258.25,	0.054
1258.75,	0.054
1259.3,	0.054
1259.83,	0.054
1260.36,	0.054
1260.92,	0.054
1261.48,	0.054
1262,	0.054
1262.53,	0.054
1263.08,	0.054
1263.64,	0.053
1264.22,	0.054
1264.78,	0.054
1265.3,	0.054
1265.83,	0.054
1266.39,	0.054
1266.94,	0.054
1267.48,	0.053
1268,	0.054
1268.55,	0.053
1269.09,	0.054
1269.63,	0.053
1270.17,	0.053
1270.72,	0.054
1271.23,	0.053
1271.78,	0.054
1272.33,	0.053
1272.88,	0.054
1273.44,	0.053
1273.94,	0.053
1274.48,	0.053
1274.98,	0.053
1275.53,	0.053
1276.06,	0.054
1276.59,	0.053
1277.14,	0.053
1277.67,	0.053
1278.22,	0.053
1278.77,	0.053
1279.28,	0.053
1279.81,	0.053
1280.38,	0.053
1280.92,	0.053
1281.48,	0.053
1281.98,	0.053
1282.53,	0.053
1283.09,	0.053
1283.64,	0.053
1284.17,	0.053
1284.72,	0.053
1285.28,	0.053
1285.83,	0.053
1286.38,	0.053
1286.92,	0.053
1287.44,	0.053
1287.97,	0.053
1288.52,	0.053
1289.05,	0.053
1289.61,	0.053
1290.13,	0.053
1290.67,	0.053
1291.22,	0.053
1291.77,	0.053
1292.33,	0.052
1292.83,	0.053
1293.38,	0.052
1293.91,	0.053
1294.44,	0.053
1294.98,	0.053
1295.48,	0.053
1295.98,	0.053
1296.56,	0.053
1297.13,	0.053
1297.67,	0.053
1298.2,	0.053
1298.73,	0.053
1299.23,	0.053
1299.81,	0.053
1300.31,	0.053
1300.86,	0.053
1301.38,	0.053
1301.91,	0.053
1302.42,	0.053
1302.95,	0.053
1303.47,	0.053
1304.02,	0.053
1304.53,	0.053
1305.06,	0.053
1305.63,	0.053
1306.13,	0.053
1306.66,	0.053
1307.17,	0.053
1307.67,	0.052
1308.2,	0.053
1308.72,	0.052
1309.27,	0.053
1309.81,	0.052
1310.33,	0.053
1310.86,	0.052
1311.41,	0.053
1311.97,	0.052
1312.5,	0.052
1313.02,	0.052
1313.55,	0.052
1314.08,	0.052
1314.63,	0.052
1315.16,	0.052
1315.7,	0.052
1316.25,	0.052
1316.77,	0.052
1317.31,	0.052
1317.86,	0.052
1318.38,	0.052
1318.91,	0.052
1319.45,	0.053
1320.02,	0.052
1320.52,	0.052
1321.06,	0.052
1321.61,	0.052
1322.13,	0.052
1322.67,	0.052
1323.17,	0.052
1323.67,	0.052
1324.2,	0.052
1324.75,	0.052
1325.31,	0.052
1325.89,	0.052
1326.45,	0.052
1326.97,	0.052
1327.5,	0.052
1328.06,	0.052
1328.61,	0.052
1329.16,	0.052
1329.67,	0.052
1330.17,	0.052
1330.67,	0.052
1331.22,	0.052
1331.72,	0.052
1332.25,	0.052
1332.8,	0.052
1333.36,	0.051
1333.86,	0.052
1334.41,	0.051
1334.95,	0.052
1335.47,	0.052
1336.02,	0.052
1336.52,	0.052
1337.02,	0.052
1337.55,	0.052
1338.06,	0.052
1338.61,	0.052
1339.16,	0.052
1339.7,	0.051
1340.23,	0.052
1340.77,	0.052
1341.31,	0.052
1341.84,	0.052
1342.38,	0.052
1342.91,	0.051
1343.42,	0.052
1343.95,	0.052
1344.5,	0.052
1345.05,	0.052
1345.56,	0.052
1346.09,	0.052
1346.66,	0.052
1347.17,	0.052
1347.7,	0.052
1348.25,	0.052
1348.8,	0.051
1349.31,	0.052
1349.81,	0.051
1350.31,	0.052
1350.86,	0.052
1351.39,	0.052
1351.95,	0.051
1352.45,	0.052
1353,	0.051
1353.5,	0.052
1354.05,	0.051
1354.58,	0.052
1355.11,	0.051
1355.66,	0.052
1356.19,	0.051
1356.7,	0.052
1357.22,	0.051
1357.75,	0.052
1358.27,	0.051
1358.83,	0.052
1359.39,	0.052
1359.91,	0.052
1360.44,	0.053
1361,	0.054
1361.52,	0.057
1362.05,	0.059
1362.59,	0.063
1363.16,	0.067
1363.7,	0.071
1364.23,	0.075
1364.77,	0.08
1365.28,	0.084
1365.81,	0.089
1366.34,	0.093
1366.88,	0.097
1367.41,	0.102
1367.95,	0.106
1368.48,	0.111
1369.05,	0.114
1369.56,	0.118
1370.09,	0.122
1370.64,	0.125
1371.19,	0.127
1371.7,	0.131
1372.2,	0.133
1372.7,	0.136
1373.25,	0.138
1373.75,	0.14
1374.28,	0.142
1374.83,	0.144
1375.39,	0.144
1375.89,	0.146
1376.44,	0.147
1376.97,	0.149
1377.5,	0.15
1378.05,	0.151
1378.55,	0.153
1379.09,	0.153
1379.63,	0.154
1380.16,	0.155
1380.69,	0.155
1381.22,	0.156
1381.73,	0.157
1382.27,	0.157
1382.83,	0.158
1383.39,	0.158
1383.92,	0.158
1384.48,	0.158
1385.02,	0.159
1385.55,	0.159
1386.09,	0.159
1386.63,	0.159
1387.2,	0.16
1387.75,	0.16
1388.28,	0.16
1388.81,	0.161
1389.38,	0.16
1389.92,	0.161
1390.48,	0.16
1391,	0.161
1391.53,	0.16
1392.06,	0.161
1392.59,	0.162
1393.14,	0.161
1393.64,	0.162
1394.19,	0.161
1394.72,	0.162
1395.25,	0.162
1395.81,	0.162
1396.33,	0.162
1396.86,	0.162
1397.42,	0.162
1397.97,	0.162
1398.53,	0.162
1399.03,	0.162
1399.58,	0.162
1400.13,	0.162
1400.64,	0.162
1401.19,	0.162
1401.69,	0.162
1402.19,	0.162
1402.72,	0.162
1403.23,	0.163
1403.77,	0.162
1404.27,	0.163
1404.83,	0.163
1405.34,	0.163
1405.88,	0.163
1406.41,	0.163
1406.94,	0.162
1407.48,	0.163
1407.98,	0.162
1408.48,	0.163
1409.02,	0.163
1409.56,	0.163
1410.13,	0.162
1410.66,	0.163
1411.17,	0.162
1411.7,	0.163
1412.23,	0.163
1412.81,	0.163
1413.36,	0.163
1413.88,	0.163
1414.41,	0.163
1414.92,	0.163
1415.45,	0.163
1415.97,	0.163
1416.52,	0.163
1417.03,	0.163
1417.56,	0.164
1418.13,	0.163
1418.64,	0.163
1419.17,	0.163
1419.72,	0.163
1420.27,	0.163
1420.78,	0.163
1421.33,	0.163
1421.86,	0.163
1422.41,	0.164
1422.94,	0.163
1423.5,	0.164
1424.06,	0.163
1424.58,	0.163
1425.11,	0.163
1425.66,	0.163
1426.22,	0.163
1426.75,	0.163
1427.27,	0.163
1427.8,	0.163
1428.33,	0.163
1428.83,	0.163
1429.38,	0.163
1429.91,	0.163
1430.45,	0.163
1430.97,	0.163
1431.52,	0.163
1432.02,	0.163
1432.56,	0.163
1433.09,	0.163
1433.63,	0.164
1434.17,	0.163
1434.67,	0.164
1435.2,	0.163
1435.75,	0.164
1436.28,	0.163
1436.81,	0.164
1437.34,	0.163
1437.89,	0.164
1438.45,	0.164
1439,	0.163
1439.56,	0.163
1440.08,	0.163
1440.61,	0.163
1441.14,	0.163
1441.67,	0.163
1442.22,	0.163
1442.75,	0.164
1443.3,	0.163
1443.81,	0.163
1444.36,	0.164
1444.89,	0.164
1445.41,	0.163
1445.97,	0.164
1446.47,	0.164
1447.02,	0.164
1447.55,	0.164
1448.08,	0.164
1448.61,	0.164
1449.14,	0.164
1449.66,	0.164
1450.19,	0.164
1450.7,	0.164
1451.25,	0.164
1451.77,	0.164
1452.3,	0.164
1452.86,	0.164
1453.38,	0.164
1453.91,	0.164
1454.45,	0.164
1455,	0.163
1455.52,	0.164
1456.06,	0.163
1456.63,	0.164
1457.14,	0.164
1457.67,	0.164
1458.2,	0.164
1458.73,	0.164
1459.25,	0.164
1459.78,	0.164
1460.34,	0.164
1460.91,	0.164
1461.44,	0.164
1462,	0.163
1462.53,	0.164
1463.06,	0.164
1463.61,	0.164
1464.11,	0.164
1464.61,	0.164
1465.14,	0.163
1465.69,	0.165
1466.22,	0.168
1466.75,	0.17
1467.3,	0.174
1467.86,	0.179
1468.41,	0.183
1468.94,	0.187
1469.48,	0.192
1470.05,	0.196
1470.58,	0.2
1471.11,	0.203
1471.66,	0.208
1472.19,	0.211
1472.73,	0.214
1473.28,	0.218
1473.83,	0.22
1474.38,	0.223
1474.94,	0.224
1475.48,	0.226
1476.05,	0.227
1476.58,	0.23
1477.09,	0.23
1477.63,	0.232
1478.16,	0.233
1478.7,	0.234
1479.2,	0.235
1479.77,	0.235
1480.28,	0.236
1480.81,	0.236
1481.38,	0.237
1481.89,	0.237
1482.42,	0.238
1482.98,	0.238
1483.53,	0.238
1484.09,	0.238
1484.61,	0.239
1485.14,	0.238
1485.67,	0.239
1486.19,	0.238
1486.7,	0.239
1487.2,	0.239
1487.75,	0.239
1488.25,	0.239
1488.75,	0.24
1489.28,	0.24
1489.83,	0.24
1490.39,	0.239
1490.91,	0.24
1491.44,	0.239
1491.98,	0.24
1492.5,	0.24
1493.05,	0.24
1493.55,	0.24
1494.05,	0.24
1494.58,	0.24
1495.09,	0.24
1495.63,	0.24
1496.16,	0.24
1496.69,	0.24
1497.23,	0.24
1497.78,	0.239
1498.3,	0.24
1498.84,	0.24
1499.38,	0.24
1499.92,	0.241
1500.45,	0.24
1501.02,	0.24
1501.53,	0.24
1502.08,	0.241
1502.63,	0.24
1503.17,	0.24
1503.73,	0.24
1504.27,	0.24
1504.78,	0.24
1505.33,	0.24
1505.84,	0.241
1506.39,	0.24
1506.89,	0.24
1507.39,	0.24
1507.92,	0.24
1508.47,	0.24
1509.03,	0.24
1509.56,	0.24
1510.08,	0.24
1510.61,	0.24
1511.14,	0.241
1511.67,	0.24
1512.22,	0.24
1512.78,	0.241
1513.3,	0.241
1513.86,	0.24
1514.42,	0.241
1514.94,	0.24
1515.47,	0.241
1516.03,	0.24
1516.55,	0.24
1517.08,	0.241
1517.63,	0.24
1518.17,	0.24
1518.69,	0.241
1519.23,	0.24
1519.8,	0.241
1520.33,	0.241
1520.84,	0.241
1521.41,	0.241
1521.97,	0.241
1522.48,	0.24
1523.02,	0.241
1523.56,	0.24
1524.13,	0.24
1524.64,	0.24
1525.17,	0.24
1525.7,	0.241
1526.23,	0.241
1526.77,	0.241
1527.28,	0.241
1527.78,	0.241
1528.31,	0.24
1528.84,	0.241
1529.36,	0.241
1529.89,	0.24
1530.42,	0.241
1530.97,	0.241
1531.53,	0.241
1532.11,	0.241
1532.66,	0.241
1533.22,	0.241
1533.75,	0.241
1534.28,	0.24
1534.83,	0.241
1535.36,	0.24
1535.91,	0.241
1536.45,	0.241
1537,	0.241
1537.55,	0.241
1538.11,	0.241
1538.66,	0.241
1539.22,	0.24
1539.75,	0.241
1540.27,	0.24
1540.8,	0.241
1541.33,	0.241
1541.83,	0.241
1542.38,	0.241
1542.88,	0.241
1543.41,	0.241
1543.92,	0.241
1544.47,	0.241
1545,	0.241
1545.56,	0.24
1546.09,	0.241
1546.61,	0.24
1547.13,	0.241
1547.67,	0.241
1548.2,	0.241
1548.75,	0.241
1549.28,	0.241
1549.84,	0.241
1550.41,	0.241
1550.92,	0.241
1551.45,	0.241
1552,	0.241
1552.56,	0.24
1553.08,	0.241
1553.61,	0.24
1554.14,	0.241
1554.67,	0.241
1555.22,	0.241
1555.75,	0.241
1556.31,	0.241
1556.83,	0.241
1557.39,	0.241
1557.92,	0.241
1558.47,	0.241
1559,	0.241
1559.56,	0.241
1560.09,	0.241
1560.66,	0.241
1561.19,	0.241
1561.72,	0.241
1562.22,	0.241
1562.77,	0.241
1563.27,	0.241
1563.8,	0.241
1564.34,	0.241
1564.91,	0.241
1565.44,	0.241
1565.95,	0.241
1566.48,	0.241
1567.02,	0.242
1567.52,	0.241
1568.06,	0.241
1568.56,	0.241
1569.09,	0.241
1569.64,	0.241
1570.2,	0.241
1570.75,	0.241
1571.27,	0.242
1571.81,	0.241
1572.31,	0.241
1572.84,	0.241
1573.42,	0.242
1573.98,	0.241
1574.53,	0.241
1575.09,	0.241
1575.61,	0.241
1576.14,	0.241
1576.69,	0.241
1577.25,	0.241
1577.81,	0.241
1578.39,	0.242
1578.95,	0.243
1579.5,	0.246
1580.05,	0.249
1580.58,	0.254
1581.11,	0.258
1581.66,	0.262
1582.19,	0.267
1582.69,	0.27
1583.23,	0.275
1583.77,	0.278
1584.33,	0.281
1584.84,	0.284
1585.36,	0.287
1585.91,	0.289
1586.44,	0.292
1587,	0.293
1587.52,	0.295
1588.05,	0.297
1588.59,	0.298
1589.14,	0.299
1589.66,	0.3
1590.2,	0.3
1590.75,	0.302
1591.3,	0.303
1591.81,	0.303
1592.38,	0.304
1592.89,	0.304
1593.42,	0.304
1593.95,	0.305
1594.48,	0.305
1595.05,	0.305
1595.59,	0.305
1596.14,	0.305
1596.67,	0.306
1597.2,	0.306
1597.75,	0.306
1598.25,	0.306
1598.75,	0.306
1599.28,	0.306
1599.81,	0.306
1600.34,	0.307
1600.88,	0.307
1601.44,	0.306
1601.97,	0.307
1602.5,	0.307
1603.05,	0.307
1603.55,	0.307
1604.08,	0.307
1604.64,	0.307
1605.19,	0.307
1605.72,	0.308
1606.25,	0.307
1606.81,	0.307
1607.33,	0.307
1607.88,	0.307
1608.44,	0.307
1608.95,	0.307
1609.48,	0.307
1610.02,	0.307
1610.55,	0.306
1611.09,	0.307
1611.66,	0.308
1612.19,	0.307
1612.7,	0.308
1613.27,	0.307
1613.8,	0.307
1614.34,	0.307
1614.88,	0.307
1615.44,	0.307
1615.98,	0.307
1616.53,	0.306
1617.06,	0.307
1617.59,	0.307
1618.13,	0.307
1618.64,	0.308
1619.17,	0.307
1619.72,	0.308
1620.28,	0.307
1620.83,	0.308
1621.34,	0.307
1621.89,	0.307
1622.39,	0.307
1622.94,	0.308
1623.47,	0.307
1624.02,	0.307
1624.58,	0.308
1625.11,	0.307
1625.64,	0.307
1626.14,	0.307
1626.67,	0.307
1627.19,	0.307
1627.72,	0.307
1628.27,	0.307
1628.83,	0.307
1629.36,	0.307
1629.88,	0.307
1630.41,	0.308
1630.94,	0.308
1631.48,	0.307
1632.02,	0.308
1632.56,	0.307
1633.13,	0.308
1633.67,	0.308
1634.19,	0.308
1634.73,	0.308
1635.23,	0.307
1635.77,	0.308
1636.31,	0.307
1636.88,	0.307
1637.39,	0.308
1637.92,	0.307
1638.45,	0.308
1638.98,	0.308
1639.53,	0.308
1640.06,	0.308
1640.61,	0.308
1641.13,	0.308
1641.67,	0.308
1642.22,	0.308
1642.73,	0.308
1643.28,	0.307
1643.78,	0.308
1644.33,	0.308
1644.86,	0.308
1645.41,	0.308
1645.97,	0.308
1646.5,	0.308
1647.03,	0.307
1647.53,	0.308
1648.06,	0.308
1648.58,	0.308
1649.11,	0.308
1649.66,	0.308
1650.22,	0.307
1650.75,	0.308
1651.27,	0.307
1651.8,	0.308
1652.33,	0.308
1652.88,	0.308
1653.41,	0.308
1653.97,	0.308
1654.48,	0.308
1655.02,	0.308
1655.53,	0.308
1656.08,	0.308
1656.63,	0.308
1657.13,	0.308
1657.63,	0.309
1658.17,	0.308
1658.7,	0.309
1659.23,	0.308
1659.77,	0.309
1660.28,	0.308
1660.84,	0.308
1661.41,	0.308
1661.92,	0.308
1662.45,	0.308
1663,	0.308
1663.56,	0.307
1664.09,	0.308
1664.61,	0.307
1665.14,	0.308
1665.67,	0.308
1666.22,	0.308
1666.75,	0.308
1667.31,	0.308
1667.86,	0.308
1668.39,	0.308
1668.92,	0.308
1669.47,	0.308
1670,	0.308
1670.56,	0.308
1671.11,	0.308
1671.66,	0.307
1672.19,	0.308
1672.72,	0.309
1673.27,	0.308
1673.77,	0.309
1674.33,	0.308
1674.86,	0.309
1675.38,	0.308
1675.94,	0.308
1676.5,	0.308
1677.02,	0.308
1677.55,	0.308
1678.09,	0.308
1678.66,	0.308
1679.17,	0.308
1679.7,	0.307
1680.25,	0.308
1680.77,	0.308
1681.31,	0.308
1681.84,	0.308
1682.41,	0.308
1682.91,	0.308
1683.45,	0.308
1683.98,	0.308
1684.52,	0.308
1685.06,	0.308
1685.56,	0.308
1686.06,	0.308
1686.61,	0.308
1687.14,	0.308
1687.67,	0.308
1688.2,	0.309
1688.72,	0.308
1689.28,	0.308
1689.84,	0.308
1690.36,	0.308
1690.89,	0.308
1691.44,	0.308
1692,	0.308
1692.53,	0.308
1693.05,	0.307
1693.58,	0.308
1694.11,	0.308
1694.66,	0.308
1695.19,	0.308
1695.75,	0.308
1696.27,	0.308
1696.83,	0.308
1697.39,	0.308
1697.91,	0.308
1698.44,	0.308
1698.95,	0.308
1699.48,	0.308
1700.05,	0.308
1700.56,	0.308
1701.09,	0.308
1701.63,	0.308
1702.16,	0.307
1702.66,	0.308
1703.2,	0.308
1703.73,	0.308
1704.3,	0.307
1704.81,	0.308
1705.34,	0.307
1705.88,	0.308
1706.39,	0.307
1706.92,	0.308
1707.45,	0.308
1708,	0.308
1708.53,	0.309
1709.08,	0.308
1709.64,	0.308
1710.19,	0.308
1710.7,	0.308
1711.25,	0.308
1711.75,	0.308
1712.28,	0.308
1712.83,	0.308
1713.39,	0.307
1713.92,	0.308
1714.44,	0.308
1714.97,	0.311
1715.5,	0.314
1716.05,	0.317
1716.58,	0.322
1717.14,	0.326
1717.66,	0.331
1718.22,	0.335
1718.75,	0.339
1719.3,	0.343
1719.83,	0.346
1720.39,	0.35
1720.94,	0.352
1721.48,	0.354
1722.02,	0.357
1722.55,	0.359
1723.05,	0.36
1723.63,	0.362
1724.2,	0.363
1724.77,	0.364
1725.33,	0.365
1725.84,	0.365
1726.38,	0.366
1726.92,	0.367
1727.48,	0.366
1728.02,	0.368
1728.53,	0.367
1729.06,	0.368
1729.58,	0.368
1730.09,	0.369
1730.64,	0.368
1731.19,	0.369
1731.73,	0.37
1732.25,	0.369
1732.81,	0.369
1733.38,	0.369
1733.89,	0.37
1734.42,	0.37
1734.97,	0.37
1735.53,	0.369
1736.05,	0.37
1736.58,	0.369
1737.11,	0.37
1737.64,	0.37
1738.19,	0.37
1738.72,	0.37
1739.28,	0.37
1739.78,	0.369
1740.3,	0.37
1740.83,	0.369
1741.36,	0.37
1741.88,	0.37
1742.41,	0.37
1742.94,	0.371
1743.47,	0.37
1743.98,	0.371
1744.52,	0.37
1745.05,	0.371
1745.58,	0.37
1746.13,	0.37
1746.66,	0.37
1747.19,	0.371
1747.73,	0.37
1748.23,	0.371
1748.78,	0.37
1749.31,	0.371
1749.86,	0.37
1750.42,	0.37
1750.97,	0.37
1751.48,	0.37
1752.03,	0.37
1752.53,	0.37
1753.08,	0.37
1753.63,	0.371
1754.17,	0.37
1754.7,	0.37
1755.23,	0.371
1755.78,	0.37
1756.28,	0.371
1756.83,	0.371
1757.36,	0.371
1757.91,	0.37
1758.45,	0.37
1758.97,	0.37
1759.52,	0.37
1760.08,	0.37
1760.58,	0.371
1761.11,	0.37
1761.66,	0.37
1762.22,	0.37
1762.75,	0.37
1763.27,	0.37
1763.8,	0.37
1764.33,	0.371
1764.91,	0.37
1765.45,	0.37
1766.02,	0.37
1766.56,	0.371
1767.13,	0.37
1767.66,	0.371
1768.2,	0.371
1768.73,	0.37
1769.3,	0.37
1769.81,	0.371
1770.34,	0.37
1770.91,	0.371
1771.45,	0.371
1772.02,	0.37
1772.53,	0.37
1773.06,	0.37
1773.61,	0.371
1774.13,	0.371
1774.63,	0.371
1775.2,	0.371
1775.77,	0.371
1776.28,	0.371
1776.84,	0.371
1777.39,	0.37
1777.92,	0.37
1778.45,	0.371
1778.97,	0.371
1779.5,	0.371
1780.06,	0.37
1780.61,	0.371
1781.16,	0.37
1781.67,	0.371
1782.22,	0.37
1782.77,	0.371
1783.3,	0.371
1783.84,	0.371
1784.39,	0.37
1784.91,	0.371
1785.45,	0.37
1786,	0.371
1786.55,	0.371
1787.11,	0.37
1787.63,	0.37
1788.16,	0.37
1788.72,	0.37
1789.3,	0.37
1789.86,	0.371
1790.38,	0.371
1790.91,	0.371
1791.45,	0.37
1792.02,	0.371
1792.56,	0.371
1793.09,	0.371
1793.64,	0.37
1794.2,	0.37
1794.75,	0.37
1795.27,	0.37
1795.81,	0.371
1796.31,	0.371
1796.86,	0.371
1797.39,	0.371
1797.95,	0.37
1798.47,	0.371
1799,	0.37
1799.53,	0.371
1800.06,	0.371
1800.61,	0.37
1801.14,	0.37
1801.69,	0.37
1802.22,	0.371
1802.78,	0.37
1803.31,	0.371
1803.86,	0.371
1804.39,	0.371
1804.95,	0.371
1805.5,	0.371
1806.05,	0.37
1806.58,	0.371
1807.11,	0.371
1807.66,	0.371
1808.16,	0.371
1808.69,	0.371
1809.25,	0.37
1809.77,	0.371
1810.3,	0.37
1810.83,	0.371
1811.34,	0.37
1811.88,	0.371
1812.41,	0.371
1812.95,	0.371
1813.48,	0.371
1814.02,	0.37
1814.55,	0.371
1815.06,	0.371
1815.63,	0.37
1816.19,	0.37
1816.73,	0.371
1817.3,	0.37
1817.81,	0.37
1818.34,	0.37
1818.92,	0.371
1819.48,	0.371
1820.05,	0.371
1820.56,	0.37
1821.11,	0.37
1821.64,	0.371
1822.19,	0.37
1822.7,	0.371
1823.25,	0.37
1823.8,	0.371
1824.34,	0.371
1824.86,	0.371
1825.42,	0.371
1825.94,	0.371
1826.48,	0.371
1827.03,	0.371
1827.58,	0.371
1828.14,	0.37
1828.66,	0.371
1829.19,	0.37
1829.73,	0.371
1830.25,	0.371
1830.75,	0.371
1831.3,	0.371
1831.8,	0.371
1832.33,	0.371
1832.88,	0.371
1833.44,	0.37
1833.97,	0.371
1834.48,	0.37
1835.03,	0.371
1835.55,	0.371
1836.09,	0.371
1836.63,	0.37
1837.17,	0.371
1837.7,	0.371
1838.27,	0.371
1838.8,	0.371
1839.3,	0.371
1839.84,	0.371
1840.34,	0.371
1840.84,	0.371
1841.39,	0.371
1841.92,	0.371
1842.44,	0.371
1842.95,	0.371
1843.48,	0.371
1844,	0.371
1844.56,	0.371
1845.09,	0.371
1845.64,	0.371
1846.17,	0.371
1846.73,	0.371
1847.28,	0.371
1847.83,	0.37
1848.36,	0.371
1848.89,	0.371
1849.44,	0.371
1849.97,	0.37
1850.47,	0.372
1851.03,	0.374
1851.55,	0.378
1852.08,	0.381
1852.61,	0.386
1853.13,	0.39
1853.66,	0.395
1854.19,	0.399
1854.73,	0.402
1855.27,	0.407
1855.81,	0.409
1856.38,	0.412
1856.92,	0.414
1857.44,	0.417
1857.97,	0.418
1858.52,	0.42
1859.09,	0.422
1859.66,	0.423
1860.19,	0.424
1860.73,	0.425
1861.27,	0.425
1861.83,	0.426
1862.33,	0.427
1862.83,	0.427
1863.36,	0.427
1863.92,	0.427
1864.45,	0.428
1864.98,	0.427
1865.48,	0.428
1866.03,	0.429
1866.53,	0.429
1867.06,	0.429
1867.61,	0.429
1868.17,	0.428
1868.69,	0.429
1869.22,	0.429
1869.75,	0.429
1870.28,	0.43
1870.83,	0.429
1871.33,	0.43
1871.83,	0.429
1872.36,	0.429
1872.86,	0.429
1873.42,	0.429
1873.97,	0.43
1874.52,	0.429
1875.05,	0.429
1875.58,	0.43
1876.13,	0.43
1876.66,	0.43
1877.19,	0.429
1877.75,	0.429
1878.27,	0.43
1878.81,	0.429
1879.38,	0.429
1879.91,	0.43
1880.48,	0.43
1881.05,	0.43
1881.58,	0.43
1882.13,	0.43
1882.66,	0.43
1883.22,	0.43
1883.73,	0.43
1884.27,	0.43
1884.81,	0.43
1885.36,	0.429
1885.88,	0.43
1886.42,	0.429
1886.97,	0.43
1887.52,	0.431
1888.03,	0.43
1888.59,	0.43
1889.16,	0.43
1889.67,	0.43
1890.2,	0.43
1890.75,	0.43
1891.31,	0.429
1891.83,	0.43
1892.36,	0.43
1892.91,	0.43
1893.42,	0.431
1893.97,	0.43
1894.47,	0.431
1894.97,	0.43
1895.5,	0.43
1896.02,	0.43
1896.56,	0.43
1897.08,	0.43
1897.61,	0.43
1898.16,	0.43
1898.7,	0.43
1899.22,	0.43
1899.77,	0.43
1900.33,	0.43
1900.86,	0.431
1901.38,	0.43
1901.94,	0.43
1902.5,	0.43
1903.02,	0.43
1903.55,	0.43
1904.09,	0.43
1904.66,	0.43
1905.17,	0.43
1905.7,	0.43
1906.25,	0.43
1906.77,	0.431
1907.31,	0.43
1907.81,	0.43
1908.31,	0.43
1908.84,	0.43
1909.39,	0.43
1909.95,	0.43
1910.48,	0.43
1911,	0.43
1911.53,	0.43
1912.06,	0.431
1912.56,	0.43
1913.11,	0.43
1913.61,	0.43
1914.19,	0.431
1914.75,	0.43
1915.28,	0.43
1915.81,	0.43
1916.36,	0.43
1916.89,	0.43
1917.44,	0.43
1917.95,	0.43
1918.48,	0.43
1919.05,	0.43
1919.58,	0.43
1920.11,	0.43
1920.66,	0.431
1921.22,	0.431
1921.75,	0.431
1922.25,	0.43
1922.77,	0.43
1923.3,	0.43
1923.83,	0.43
1924.34,	0.43
1924.88,	0.43
1925.41,	0.431
1925.91,	0.43
1926.48,	0.431
1927.05,	0.431
1927.56,	0.431
1928.09,	0.43
1928.63,	0.431
1929.16,	0.43
1929.7,	0.43
1930.2,	0.43
1930.73,	0.431
1931.28,	0.431
1931.84,	0.43
1932.39,	0.43
1932.92,	0.43
1933.45,	0.429
1933.95,	0.43
1934.5,	0.431
1935,	0.43
1935.53,	0.43
1936.08,	0.43
1936.64,	0.43
1937.17,	0.43
1937.72,	0.431
1938.25,	0.43
1938.75,	0.431
1939.3,	0.431
1939.83,	0.431
1940.38,	0.43
1940.92,	0.43
1941.44,	0.431
1941.98,	0.43
1942.55,	0.43
1943.08,	0.43
1943.63,	0.43
1944.16,	0.431
1944.69,	0.43
1945.22,	0.431
1945.73,	0.43
1946.27,	0.431
1946.8,	0.431
1947.34,	0.431
1947.88,	0.431
1948.42,	0.431
1948.98,	0.431
1949.53,	0.431
1950.05,	0.431
1950.59,	0.431
1951.09,	0.431
1951.63,	0.431
1952.17,	0.432
1952.73,	0.431
1953.27,	0.431
1953.78,	0.431
1954.31,	0.431
1954.84,	0.431
1955.39,	0.431
1955.89,	0.43
1956.42,	0.431
1956.98,	0.43
1957.5,	0.431
1958.03,	0.43
1958.55,	0.431
1959.08,	0.43
1959.61,	0.43
1960.14,	0.431
1960.69,	0.431
1961.22,	0.431
1961.77,	0.431
1962.31,	0.43
1962.83,	0.431
1963.36,	0.43
1963.92,	0.43
1964.44,	0.431
1964.97,	0.431
1965.52,	0.431
1966.08,	0.43
1966.64,	0.431
1967.19,	0.43
1967.69,	0.431
1968.22,	0.431
1968.77,	0.431
1969.31,	0.43
1969.88,	0.431
1970.42,	0.431
1970.98,	0.43
1971.53,	0.431
1972.08,	0.431
1972.59,	0.43
1973.16,	0.43
1973.67,	0.431
1974.2,	0.43
1974.73,	0.43
1975.27,	0.43
1975.83,	0.431
1976.38,	0.431
1976.92,	0.43
1977.47,	0.431
1977.98,	0.431
1978.53,	0.431
1979.03,	0.431
1979.53,	0.43
1980.06,	0.43
1980.61,	0.431
1981.17,	0.43
1981.69,	0.43
1982.22,	0.43
1982.75,	0.43
1983.28,	0.431
1983.83,	0.431
1984.33,	0.431
1984.83,	0.431
1985.36,	0.43
1985.91,	0.43
1986.47,	0.43
1986.98,	0.43
1987.52,	0.43
1988.05,	0.43
1988.58,	0.431
1989.13,	0.431
1989.66,	0.431
1990.2,	0.43
1990.77,	0.43
1991.31,	0.431
1991.83,	0.431
1992.38,	0.431
1992.91,	0.431
1993.47,	0.43
1993.98,	0.43
1994.52,	0.43
1995.05,	0.431
1995.56,	0.43
1996.09,	0.431
1996.63,	0.431
1997.17,	0.431
1997.7,	0.431
1998.22,	0.431
1998.75,	0.431
1999.28,	0.43
1999.84,	0.43
2000.36,	0.431
2000.91,	0.43
2001.42,	0.431
2001.95,	0.431
2002.52,	0.431
2003.03,	0.431
2003.56,	0.431
2004.11,	0.431
2004.66,	0.43
2005.17,	0.431
2005.72,	0.431
2006.27,	0.431
2006.81,	0.431
2007.33,	0.431
2007.89,	0.43
2008.45,	0.431
2008.97,	0.43
2009.5,	0.431
2010.05,	0.431
2010.61,	0.43
2011.13,	0.431
2011.66,	0.43
2012.19,	0.431
2012.72,	0.431
2013.27,	0.431
2013.77,	0.431
2014.27,	0.431
2014.8,	0.431
2015.34,	0.431
2015.91,	0.43
2016.44,	0.431
2016.95,	0.43
2017.48,	0.431
2018.02,	0.431
2018.52,	0.431
2019.06,	0.43
2019.59,	0.432
2020.14,	0.435
2020.7,	0.438
2021.23,	0.443
2021.75,	0.447
2022.27,	0.452
2022.81,	0.456
2023.31,	0.46
2023.86,	0.464
2024.39,	0.467
2024.94,	0.47
2025.48,	0.472
2026,	0.475
2026.53,	0.476
2027.05,	0.478
2027.59,	0.479
2028.11,	0.481
2028.64,	0.481
2029.2,	0.483
2029.75,	0.483
2030.3,	0.484
2030.83,	0.484
2031.36,	0.486
2031.86,	0.485
2032.41,	0.485
2032.94,	0.486
2033.5,	0.486
2034.02,	0.486
2034.55,	0.486
2035.08,	0.487
2035.61,	0.487
2036.16,	0.487
2036.69,	0.488
2037.23,	0.487
2037.78,	0.487
2038.3,	0.487
2038.84,	0.487
2039.41,	0.487
2039.91,	0.487
2040.44,	0.487
2040.95,	0.487
2041.48,	0.487
2042.03,	0.487
2042.59,	0.487
2043.11,	0.487
2043.64,	0.487
2044.17,	0.487
2044.7,	0.488
2045.2,	0.487
2045.75,	0.486
2046.28,	0.487
2046.84,	0.488
2047.39,	0.487
2047.92,	0.488
2048.45,	0.487
2049.03,	0.487
2049.59,	0.487
2050.14,	0.487
2050.69,	0.487
2051.22,	0.487
2051.75,	0.488
2052.25,	0.487
2052.78,	0.487
2053.3,	0.487
2053.84,	0.487
2054.36,	0.487
2054.89,	0.487
2055.44,	0.488
2055.98,	0.487
2056.5,	0.487
2057.05,	0.487
2057.59,	0.488
2058.13,	0.488
2058.67,	0.487
2059.22,	0.487
2059.73,	0.488
2060.27,	0.487
2060.83,	0.487
2061.38,	0.488
2061.94,	0.487
2062.45,	0.487
2062.98,	0.487
2063.52,	0.487
2064.03,	0.487
2064.55,	0.488
2065.09,	0.487
2065.64,	0.488
2066.17,	0.488
2066.72,	0.487
2067.27,	0.487
2067.78,	0.488
2068.31,	0.487
2068.89,	0.487
2069.39,	0.487
2069.92,	0.487
2070.47,	0.488
2071.03,	0.487
2071.55,	0.487
2072.08,	0.487
2072.61,	0.487
2073.14,	0.488
2073.67,	0.487
2074.22,	0.487
2074.75,	0.487
2075.3,	0.488
2075.86,	0.487
2076.42,	0.487
2076.94,	0.488
2077.47,	0.487
2078.03,	0.487
2078.55,	0.488
2079.08,	0.488
2079.63,	0.488
2080.19,	0.488
2080.73,	0.488
2081.27,	0.488
2081.78,	0.488
2082.3,	0.488
2082.83,	0.488
2083.34,	0.488
2083.91,	0.487
2084.44,	0.487
2084.98,	0.487
2085.52,	0.487
2086.08,	0.488
2086.61,	0.488
2087.13,	0.488
2087.67,	0.488
2088.23,	0.488
2088.81,	0.487
2089.36,	0.487
2089.92,	0.487
2090.47,	0.488
2090.98,	0.487
2091.48,	0.488
2092.03,	0.488
2092.53,	0.488
2093.06,	0.488
2093.61,	0.488
2094.17,	0.487
2094.69,	0.488
2095.22,	0.487
2095.75,	0.488
2096.28,	0.488
2096.83,	0.488
2097.36,	0.487
2097.91,	0.487
2098.44,	0.488
2099,	0.487
2099.53,	0.487
2100.08,	0.488
2100.61,	0.487
2101.17,	0.488
2101.72,	0.488
2102.27,	0.487
2102.81,	0.488
2103.33,	0.488
2103.88,	0.488
2104.38,	0.487
2104.88,	0.488
2105.41,	0.488
2105.95,	0.488
2106.52,	0.487
2107.05,	0.488
2107.56,	0.487
2108.09,	0.488
2108.63,	0.488
2109.13,	0.488
2109.66,	0.488
2110.2,	0.488
2110.77,	0.487
2111.28,	0.488
2111.81,	0.487
2112.34,	0.487
2112.86,	0.487
2113.38,	0.487
2113.92,	0.487
2114.47,	0.488
2115,	0.488
2115.53,	0.487
2116.09,	0.487
2116.61,	0.488
2117.14,	0.487
2117.72,	0.487
2118.22,	0.488
2118.75,	0.488
2119.3,	0.488
2119.86,	0.487
2120.39,	0.487
2120.94,	0.488
2121.47,	0.487
2121.97,	0.488
2122.52,	0.488
2123.05,	0.488
2123.58,	0.488
2124.14,	0.487
2124.66,	0.488
2125.19,	0.487
2125.77,	0.487
2126.27,	0.488
2126.8,	0.488
2127.34,	0.488
2127.91,	0.487
2128.44,	0.487
2128.95,	0.487
2129.48,	0.488
2130.02,	0.488
2130.56,	0.488
2131.09,	0.487
2131.63,	0.488
2132.17,	0.488
2132.73,	0.487
2133.3,	0.487
2133.81,	0.488
2134.34,	0.487
2134.91,	0.488
2135.45,	0.488
2136,	0.487
2136.53,	0.488
2137.06,	0.488
2137.56,	0.488
2138.14,	0.488
2138.7,	0.488
2139.22,	0.488
2139.78,	0.488
2140.34,	0.488
2140.89,	0.488
2141.41,	0.488
2141.95,	0.488
2142.5,	0.488
2143.05,	0.488
2143.58,	0.488
2144.11,	0.488
2144.66,	0.488
2145.19,	0.488
2145.75,	0.488
2146.27,	0.488
2146.83,	0.488
2147.36,	0.488
2147.91,	0.488
2148.44,	0.488
2149,	0.488
2149.55,	0.488
2150.09,	0.487
2150.63,	0.488
2151.16,	0.488
2151.66,	0.488
2152.2,	0.488
2152.73,	0.488
2153.31,	0.488
2153.88,	0.488
2154.44,	0.488
2154.95,	0.488
2155.48,	0.488
2156.05,	0.488
2156.59,	0.488
2157.14,	0.487
2157.67,	0.488
2158.2,	0.488
2158.7,	0.488
2159.25,	0.487
2159.75,	0.487
2160.28,	0.488
2160.83,	0.488
2161.39,	0.487
2161.92,	0.488
2162.45,	0.49
2163.03,	0.493
2163.58,	0.497
2164.14,	0.502
2164.67,	0.507
2165.19,	0.511
2165.72,	0.516
2166.25,	0.519
2166.75,	0.523
2167.3,	0.526
2167.83,	0.528
2168.39,	0.53
2168.91,	0.533
2169.44,	0.534
2169.97,	0.536
2170.5,	0.537
2171.08,	0.538
2171.63,	0.539
2172.19,	0.539
2172.73,	0.54
2173.28,	0.54
2173.8,	0.541
2174.34,	0.541
2174.88,	0.542
2175.42,	0.543
2175.95,	0.542
2176.52,	0.542
2177.08,	0.543
2177.63,	0.543
2178.2,	0.543
2178.77,	0.543
2179.31,	0.543
2179.89,	0.543
2180.42,	0.543
2180.98,	0.543
2181.5,	0.543
2182.03,	0.543
2182.59,	0.543
2183.14,	0.543
2183.64,	0.544
2184.14,	0.544
2184.69,	0.544
2185.23,	0.544
2185.75,	0.544
2186.31,	0.544
2186.83,	0.544
2187.36,	0.544
2187.92,	0.544
2188.44,	0.544
2188.98,	0.543
2189.53,	0.544
2190.08,	0.543
2190.61,	0.544
2191.14,	0.544
2191.69,	0.544
2192.19,	0.544
2192.73,	0.544
2193.27,	0.544
2193.81,	0.544
2194.38,	0.543
2194.92,	0.544
2195.44,	0.544
2195.98,	0.544
2196.52,	0.544
2197.08,	0.543
2197.59,	0.544
2198.13,	0.544
2198.66,	0.544
2199.17,	0.543
2199.7,	0.544
2200.23,	0.544
2200.78,	0.544
2201.31,	0.544
2201.86,	0.544
2202.42,	0.544
2202.97,	0.544
2203.48,	0.544
2204.02,	0.544
2204.53,	0.544
2205.06,	0.544
2205.61,	0.544
2206.17,	0.543
2206.75,	0.544
2207.31,	0.544
2207.83,	0.544
2208.36,	0.544
2208.92,	0.544
2209.44,	0.544
2209.97,	0.544
2210.52,	0.544
2211.08,	0.543
2211.64,	0.544
2212.16,	0.544
2212.69,	0.544
2213.25,	0.543
2213.77,	0.544
2214.31,	0.544
2214.86,	0.544
2215.41,	0.544
2215.97,	0.544
2216.55,	0.544
2217.11,	0.544
2217.63,	0.544
2218.16,	0.544
2218.72,	0.544
2219.27,	0.544
2219.81,	0.544
2220.34,	0.544
2220.88,	0.545
2221.45,	0.544
2222,	0.544
2222.56,	0.544
2223.09,	0.544
2223.63,	0.543
2224.16,	0.544
2224.67,	0.544
2225.17,	0.544
2225.7,	0.544
2226.25,	0.544
2226.81,	0.543
2227.34,	0.544
2227.86,	0.543
2228.39,	0.544
2228.92,	0.545
2229.47,	0.544
2229.97,	0.544
2230.5,	0.544
2231.06,	0.543
2231.58,	0.544
2232.11,	0.543
2232.67,	0.544
2233.25,	0.544
2233.81,	0.544
2234.34,	0.544
2234.86,	0.544
2235.41,	0.544
2235.97,	0.544
2236.52,	0.544
2237.05,	0.545
2237.59,	0.544
2238.14,	0.544
2238.66,	0.544
2239.19,	0.544
2239.7,	0.544
2240.22,	0.544
2240.77,	0.544
2241.3,	0.544
2241.86,	0.543
2242.39,	0.544
2242.95,	0.543
2243.48,	0.544
2244.02,	0.544
2244.56,	0.544
2245.09,	0.544
2245.64,	0.544
2246.17,	0.544
2246.73,	0.544
2247.3,	0.543
2247.81,	0.544
2248.34,	0.544
2248.91,	0.544
2249.45,	0.544
2250,	0.543
2250.53,	0.544
2251.06,	0.544
2251.61,	0.544
2252.11,	0.544
2252.61,	0.544
2253.14,	0.544
2253.69,	0.544
2254.25,	0.543
2254.78,	0.544
2255.3,	0.543
2255.83,	0.544
2256.36,	0.545
2256.91,	0.544
2257.44,	0.544
2257.97,	0.544
2258.5,	0.544
2259.02,	0.544
2259.55,	0.544
2260.08,	0.544
2260.61,	0.545
2261.16,	0.544
2261.69,	0.544
2262.2,	0.544
2262.77,	0.545
2263.33,	0.544
2263.88,	0.544
2264.44,	0.544
2264.98,	0.544
2265.55,	0.544
2266.06,	0.544
2266.59,	0.544
2267.14,	0.544
2267.66,	0.544
2268.2,	0.544
2268.7,	0.544
2269.2,	0.544
2269.73,	0.544
2270.25,	0.544
2270.8,	0.544
2271.33,	0.544
2271.89,	0.544
2272.42,	0.544
2272.95,	0.545
2273.5,	0.544
2274.03,	0.544
2274.58,	0.544
2275.11,	0.545
2275.67,	0.544
2276.2,	0.544
2276.75,	0.544
2277.28,	0.544
2277.84,	0.544
2278.34,	0.544
2278.83,	0.545
2279.38,	0.544
2279.94,	0.544
2280.47,	0.544
2281,	0.543
2281.55,	0.544
2282.05,	0.543
2282.55,	0.544
2283.08,	0.544
2283.63,	0.544
2284.19,	0.544
2284.72,	0.544
2285.23,	0.544
2285.77,	0.544
2286.3,	0.545
2286.83,	0.544
2287.34,	0.544
2287.88,	0.544
2288.44,	0.544
2288.95,	0.544
2289.48,	0.544
2290.02,	0.544
2290.53,	0.544
2291.06,	0.544
2291.59,	0.545
2292.09,	0.544
2292.63,	0.544
2293.17,	0.544
2293.73,	0.544
2294.25,	0.544
2294.78,	0.544
2295.33,	0.544
2295.84,	0.545
2296.39,	0.544
2296.89,	0.544
2297.39,	0.544
2297.92,	0.544
2298.47,	0.544
2299.03,	0.544
2299.56,	0.544
2300.08,	0.543
2300.64,	0.544
2301.22,	0.544
2301.78,	0.544
2302.33,	0.544
2302.88,	0.543
2303.39,	0.544
2303.94,	0.544
2304.48,	0.544
2305.02,	0.545
2305.56,	0.544
2306.11,	0.544
2306.63,	0.544
2307.17,	0.544
2307.73,	0.544
2308.23,	0.544
2308.77,	0.544
2309.31,	0.544
2309.88,	0.544
2310.39,	0.544
2310.92,	0.544
2311.45,	0.544
2311.98,	0.545
2312.53,	0.544
2313.06,	0.544
2313.61,	0.544
2314.17,	0.544
2314.73,	0.544
2315.23,	0.544
2315.78,	0.544
2316.31,	0.544
2316.86,	0.544
2317.39,	0.544
2317.92,	0.544
2318.45,	0.544
2318.97,	0.544
2319.5,	0.544
2320.03,	0.545
2320.58,	0.544
2321.11,	0.544
2321.66,	0.544
2322.19,	0.545
2322.75,	0.544
2323.28,	0.544
2323.83,	0.544
2324.36,	0.544
2324.92,	0.544
2325.45,	0.545
2325.97,	0.544
2326.52,	0.544
2327.08,	0.545
2327.66,	0.544
2328.2,	0.544
2328.77,	0.544
2329.3,	0.545
2329.83,	0.544
2330.38,	0.545
2330.88,	0.544
2331.38,	0.544
2331.91,	0.544
2332.45,	0.545
2333.02,	0.544
2333.55,	0.544
2334.06,	0.544
2334.59,	0.544
2335.13,	0.545
2335.67,	0.544
2336.2,	0.544
2336.73,	0.545
2337.27,	0.544
2337.78,	0.544
2338.31,	0.544
2338.84,	0.544
2339.36,	0.544
2339.89,	0.544
2340.42,	0.545
2341,	0.545
2341.55,	0.544
2342.11,	0.544
2342.64,	0.545
2343.17,	0.544
2343.72,	0.544
2344.27,	0.544
2344.81,	0.545
2345.33,	0.545
2345.88,	0.544
2346.42,	0.544
2346.97,	0.544
2347.5,	0.544
2348.06,	0.544
2348.58,	0.544
2349.11,	0.545
2349.66,	0.544
2350.2,	0.544
2350.72,	0.544
2351.27,	0.544
2351.81,	0.545
2352.36,	0.545
2352.88,	0.545
2353.44,	0.544
2353.95,	0.545
2354.48,	0.544
2355.05,	0.544
2355.59,	0.544
2356.16,	0.544
2356.67,	0.544
2357.2,	0.544
2357.75,	0.544
2358.27,	0.545
2358.81,	0.544
2359.31,	0.545
2359.81,	0.544
2360.34,	0.544
2360.89,	0.544
2361.45,	0.545
2361.97,	0.545
2362.5,	0.544
2363.03,	0.544
2363.56,	0.545
2364.11,	0.544
2364.61,	0.544
2365.14,	0.545
2365.7,	0.544
2366.22,	0.544
2366.75,	0.544
2367.28,	0.544
2367.8,	0.544
2368.33,	0.544
2368.86,	0.545
2369.36,	0.544
2369.91,	0.544
2370.44,	0.544
2371,	0.544
2371.52,	0.544
2372.05,	0.544
2372.61,	0.544
2373.19,	0.544
2373.75,	0.544
2374.3,	0.544
2374.84,	0.544
2375.38,	0.544
2375.91,	0.545
2376.45,	0.545
2376.98,	0.544
2377.48,	0.545
2378.05,	0.544
2378.56,	0.544
2379.09,	0.546
2379.63,	0.55
2380.16,	0.555
2380.7,	0.559
2381.23,	0.563
2381.78,	0.568
2382.3,	0.572
2382.8,	0.576
2383.34,	0.578
2383.88,	0.582
2384.39,	0.584
2384.92,	0.587
2385.45,	0.589
2386,	0.59
2386.5,	0.592
2387,	0.592
2387.53,	0.593
2388.05,	0.595
2388.59,	0.595
2389.14,	0.596
2389.69,	0.595
2390.22,	0.596
2390.75,	0.597
2391.3,	0.597
2391.83,	0.598
2392.38,	0.597
2392.91,	0.598
2393.47,	0.598
2394,	0.598
2394.5,	0.598
2395.08,	0.598
2395.59,	0.598
2396.13,	0.598
2396.69,	0.598
2397.23,	0.598
2397.8,	0.599
2398.38,	0.599
2398.92,	0.598
2399.48,	0.598
2400.03,	0.598
2400.59,	0.598
2401.16,	0.598
2401.67,	0.599
2402.2,	0.598
2402.78,	0.598
2403.33,	0.598
2403.84,	0.599
2404.38,	0.598
2404.92,	0.599
2405.48,	0.598
2406,	0.598
2406.53,	0.598
2407.08,	0.598
2407.59,	0.599
2408.14,	0.599
2408.64,	0.598
2409.14,	0.599
2409.67,	0.598
2410.22,	0.599
2410.78,	0.598
2411.31,	0.598
2411.83,	0.598
2412.36,	0.599
2412.89,	0.599
2413.44,	0.599
2413.97,	0.598
2414.52,	0.599
2415.05,	0.599
2415.61,	0.598
2416.17,	0.598
2416.69,	0.599
2417.22,	0.598
2417.78,	0.598
2418.33,	0.599
2418.88,	0.598
2419.41,	0.598
2419.94,	0.599
2420.44,	0.599
2420.98,	0.599
2421.52,	0.599
2422.08,	0.599
2422.59,	0.599
2423.13,	0.598
2423.64,	0.599
2424.17,	0.598
2424.7,	0.599
2425.23,	0.599
2425.73,	0.599
2426.31,	0.599
2426.88,	0.599
2427.39,	0.599
2427.95,	0.599
2428.48,	0.599
2428.98,	0.599
2429.56,	0.599
2430.13,	0.599
2430.67,	0.599
2431.22,	0.598
2431.75,	0.599
2432.28,	0.6
2432.78,	0.599
2433.36,	0.599
2433.92,	0.599
2434.44,	0.599
2435,	0.599
2435.53,	0.599
2436.03,	0.599
2436.58,	0.599
2437.08,	0.599
2437.58,	0.599
2438.16,	0.599
2438.7,	0.599
2439.27,	0.599
2439.81,	0.599
2440.33,	0.598
2440.83,	0.599
2441.38,	0.599
2441.91,	0.599
2442.47,	0.598
2442.98,	0.599
2443.52,	0.598
2444.05,	0.599
2444.59,	0.599
2445.13,	0.599
2445.63,	0.599
2446.17,	0.599
2446.7,	0.599
2447.25,	0.599
2447.81,	0.599
2448.36,	0.599
2448.88,	0.599
2449.42,	0.599
2449.92,	0.599
2450.45,	0.599
2451,	0.599
2451.56,	0.598
2452.14,	0.599
2452.7,	0.599
2453.27,	0.599
2453.8,	0.599
2454.36,	0.598
2454.91,	0.599
2455.42,	0.6
2455.97,	0.599
2456.5,	0.6
2457.06,	0.599
2457.58,	0.599
2458.14,	0.599
2458.69,	0.599
2459.25,	0.599
2459.8,	0.599
2460.36,	0.598
2460.89,	0.599
2461.41,	0.598
2461.94,	0.599
2462.47,	0.6
2463.02,	0.599
2463.55,	0.599
2464.09,	0.599
2464.63,	0.599
2465.19,	0.599
2465.72,	0.599
2466.27,	0.599
2466.8,	0.598
2467.36,	0.599
2467.91,	0.599
2468.45,	0.598
2468.98,	0.599
2469.52,	0.599
2470.06,	0.599
2470.59,	0.599
2471.14,	0.599
2471.67,	0.599
2472.23,	0.599
2472.78,	0.599
2473.34,	0.599
2473.89,	0.599
2474.45,	0.599
2474.97,	0.599
2475.5,	0.599
2476.03,	0.599
2476.56,	0.6
2477.11,	0.599
2477.61,	0.599
2478.11,	0.599
2478.64,	0.599
2479.19,	0.599
2479.75,	0.599
2480.28,	0.599
2480.8,	0.599
2481.33,	0.599
2481.86,	0.6
2482.41,	0.599
2482.94,	0.598
2483.47,	0.599
2484,	0.599
2484.52,	0.599
2485.05,	0.599
2485.58,	0.599
2486.09,	0.599
2486.63,	0.599
2487.16,	0.599
2487.7,	0.599
2488.23,	0.6
2488.78,	0.599
2489.33,	0.599
2489.84,	0.599
2490.38,	0.599
2490.95,	0.599
2491.48,	0.599
2492.05,	0.599
2492.56,	0.599
2493.09,	0.599
2493.63,	0.599
2494.14,	0.599
2494.67,	0.599
2495.2,	0.6
2495.7,	0.599
2496.23,	0.599
2496.78,	0.599
2497.34,	0.599
2497.86,	0.599
2498.39,	0.599
2498.95,	0.599
2499.53,	0.599
2500.09,	0.599
2500.61,	0.599
2501.14,	0.6
2501.69,	0.6
2502.25,	0.6
2502.8,	0.599
2503.33,	0.6
2503.88,	0.6
2504.44,	0.6
2504.98,	0.6
2505.5,	0.599
2506.05,	0.599
2506.56,	0.599
2507.08,	0.599
2507.63,	0.599
2508.19,	0.599
2508.72,	0.599
2509.23,	0.599
2509.77,	0.599
2510.3,	0.6
2510.8,	0.599
2511.34,	0.599
2511.88,	0.599
2512.44,	0.6
2512.95,	0.599
2513.48,	0.599
2514.05,	0.599
2514.59,	0.599
2515.09,	0.599
2515.59,	0.6
2516.14,	0.6
2516.67,	0.6
2517.22,	0.599
2517.78,	0.599
2518.33,	0.599
2518.84,	0.599
2519.39,	0.599
2519.89,	0.599
2520.44,	0.599
2520.98,	0.6
2521.53,	0.599
2522.06,	0.599
2522.58,	0.599
2523.11,	0.599
2523.64,	0.6
2524.19,	0.599
2524.72,	0.599
2525.23,	0.6
2525.8,	0.6
2526.36,	0.599
2526.92,	0.599
2527.44,	0.599
2527.97,	0.599
2528.53,	0.599
2529.08,	0.599
2529.63,	0.599
2530.16,	0.599
2530.69,	0.6
2531.23,	0.599
2531.77,	0.599
2532.28,	0.6
2532.83,	0.599
2533.34,	0.599
2533.88,	0.599
2534.44,	0.599
2535.02,	0.599
2535.58,	0.599
2536.13,	0.599
2536.67,	0.599
2537.2,	0.599
2537.73,	0.6
2538.31,	0.599
2538.84,	0.6
2539.38,	0.602
2539.89,	0.606
2540.45,	0.61
2540.98,	0.616
2541.53,	0.621
2542.06,	0.625
2542.63,	0.629
2543.17,	0.634
2543.72,	0.636
2544.25,	0.639
2544.78,	0.643
2545.28,	0.644
2545.83,	0.645
2546.36,	0.647
2546.89,	0.649
2547.42,	0.649
2547.94,	0.651
2548.47,	0.651
2549.02,	0.652
2549.58,	0.652
2550.08,	0.652
2550.63,	0.653
2551.16,	0.653
2551.7,	0.653
2552.27,	0.653
2552.81,	0.653
2553.33,	0.654
2553.88,	0.654
2554.41,	0.654
2554.97,	0.654
2555.48,	0.654
2556.02,	0.654
2556.53,	0.654
2557.06,	0.654
2557.59,	0.654
2558.13,	0.655
2558.67,	0.655
2559.2,	0.655
2559.75,	0.654
2560.31,	0.654
2560.86,	0.655
2561.38,	0.655
2561.91,	0.655
2562.42,	0.654
2562.95,	0.655
2563.5,	0.654
2564.06,	0.654
2564.64,	0.655
2565.2,	0.655
2565.77,	0.654
2566.31,	0.655
2566.86,	0.654
2567.41,	0.655
2567.92,	0.655
2568.47,	0.655
2569,	0.654
2569.55,	0.655
2570.08,	0.655
2570.64,	0.654
2571.19,	0.655
2571.72,	0.655
2572.25,	0.655
2572.81,	0.655
2573.36,	0.655
2573.91,	0.654
2574.44,	0.654
2574.97,	0.655
2575.52,	0.655
2576.02,	0.655
2576.55,	0.654
2577.11,	0.654
2577.63,	0.655
2578.16,	0.654
2578.69,	0.655
2579.2,	0.654
2579.73,	0.655
2580.27,	0.655
2580.81,	0.655
2581.34,	0.654
2581.88,	0.654
2582.41,	0.654
2582.92,	0.654
2583.45,	0.654
2583.97,	0.654
2584.5,	0.654
2585.03,	0.654
2585.56,	0.654
2586.11,	0.655
2586.64,	0.655
2587.19,	0.654
2587.75,	0.654
2588.3,	0.654
2588.81,	0.654
2589.34,	0.655
2589.89,	0.655
2590.47,	0.655
2591.03,	0.654
2591.56,	0.654
2592.11,	0.654
2592.64,	0.655
2593.2,	0.654
2593.75,	0.654
2594.3,	0.654
2594.83,	0.655
2595.36,	0.655
2595.91,	0.655
2596.44,	0.655
2597,	0.655
2597.52,	0.655
2598.08,	0.655
2598.61,	0.654
2599.16,	0.655
2599.69,	0.654
2600.25,	0.655
2600.8,	0.654
2601.34,	0.654
2601.88,	0.655
2602.41,	0.655
2602.95,	0.654
2603.45,	0.654
2603.95,	0.655
2604.5,	0.654
2605.05,	0.655
2605.59,	0.654
2606.13,	0.655
2606.64,	0.654
2607.17,	0.655
2607.7,	0.655
2608.25,	0.655
2608.78,	0.655
2609.34,	0.655
2609.86,	0.655
2610.42,	0.655
2610.95,	0.654
2611.45,	0.654
2612.03,	0.655
2612.59,	0.655
2613.14,	0.655
2613.69,	0.654
2614.22,	0.655
2614.75,	0.655
2615.25,	0.654
2615.8,	0.654
2616.33,	0.655
2616.89,	0.654
2617.41,	0.655
2617.94,	0.655
2618.5,	0.655
2619,	0.655
2619.55,	0.655
2620.05,	0.655
2620.59,	0.656
2621.13,	0.659
2621.66,	0.662
2622.23,	0.668
2622.8,	0.673
2623.3,	0.678
2623.84,	0.682
2624.38,	0.686
2624.94,	0.689
2625.45,	0.692
2625.98,	0.695
2626.5,	0.697
2627.03,	0.698
2627.55,	0.7
2628.09,	0.702
2628.64,	0.703
2629.17,	0.704
2629.7,	0.705
2630.27,	0.705
2630.78,	0.706
2631.31,	0.706
2631.89,	0.707
2632.39,	0.707
2632.92,	0.707
2633.47,	0.707
2634.03,	0.707
2634.61,	0.708
2635.17,	0.708
2635.73,	0.708
2636.23,	0.708
2636.78,	0.708
2637.31,	0.708
2637.83,	0.708
2638.38,	0.708
2638.94,	0.708
2639.5,	0.709
2640.03,	0.709
2640.55,	0.708
2641.11,	0.708
2641.63,	0.709
2642.16,	0.709
2642.72,	0.709
2643.27,	0.709
2643.83,	0.709
2644.41,	0.709
2644.97,	0.709
2645.48,	0.709
2646.02,	0.709
2646.58,	0.709
2647.13,	0.709
2647.67,	0.708
2648.19,	0.709
2648.73,	0.708
2649.28,	0.709
2649.81,	0.709
2650.36,	0.709
2650.92,	0.709
2651.47,	0.709
2651.98,	0.709
2652.53,	0.709
2653.06,	0.709
2653.63,	0.708
2654.14,	0.709
2654.67,	0.708
2655.25,	0.709
2655.81,	0.709
2656.38,	0.709
2656.91,	0.709
2657.47,	0.708
2658,	0.709
2658.53,	0.709
2659.08,	0.709
2659.61,	0.709
2660.16,	0.709
2660.69,	0.709
2661.25,	0.709
2661.81,	0.708
2662.33,	0.709
2662.86,	0.709
2663.42,	0.709
2663.94,	0.709
2664.47,	0.709
2665.02,	0.709
2665.56,	0.708
2666.08,	0.709
2666.63,	0.708
2667.17,	0.709
2667.72,	0.709
2668.23,	0.709
2668.8,	0.709
2669.31,	0.709
2669.84,	0.709
2670.41,	0.709
2670.95,	0.709
2671.52,	0.708
2672.03,	0.709
2672.56,	0.709
2673.09,	0.709
2673.63,	0.71
2674.17,	0.709
2674.7,	0.71
2675.25,	0.709
2675.78,	0.709
2676.34,	0.709
2676.89,	0.709
2677.45,	0.709
2678,	0.709
2678.56,	0.708
2679.08,	0.709
2679.61,	0.708
2680.14,	0.709
2680.67,	0.71
2681.22,	0.709
2681.72,	0.71
2682.22,	0.709
2682.75,	0.709
2683.3,	0.709
2683.86,	0.708
2684.39,	0.709
2684.91,	0.708
2685.44,	0.709
2685.97,	0.709
2686.52,	0.709
2687.05,	0.709
2687.58,	0.709
2688.11,	0.709
2688.63,	0.709
2689.16,	0.709
2689.69,	0.709
2690.22,	0.709
2690.77,	0.709
2691.27,	0.709
2691.81,	0.709
2692.34,	0.709
2693.09,	0.709
2693.45,	0.709
2694,	0.709
2694.52,	0.709
2695.06,	0.709
2695.59,	0.709
2696.16,	0.708
2696.67,	0.709
2697.2,	0.708
2697.73,	0.709
2698.25,	0.708
2698.78,	0.709
2699.31,	0.71
2699.86,	0.709
2700.39,	0.709
2700.92,	0.709
2701.45,	0.708
2701.97,	0.709
2702.5,	0.709
2703.05,	0.709
2703.56,	0.709
2704.11,	0.709
2704.61,	0.71
2705.11,	0.709
2705.66,	0.708
2706.19,	0.709
2706.75,	0.71
2707.3,	0.709
2707.83,	0.709
2708.36,	0.709
2708.86,	0.709
2709.44,	0.709
2709.98,	0.709
2710.55,	0.709
2711.09,	0.709
2711.66,	0.709
2712.2,	0.709
2712.73,	0.709
2713.28,	0.709
2713.84,	0.709
2714.39,	0.709
2714.91,	0.709
2715.45,	0.709
2715.95,	0.709
2716.48,	0.709
2717.03,	0.709
2717.59,	0.709
2718.13,	0.709
2718.67,	0.71
2719.2,	0.709
2719.7,	0.709
2720.25,	0.709
2720.78,	0.709
2721.33,	0.71
2721.89,	0.709
2722.44,	0.709
2722.95,	0.709
2723.48,	0.709
2724,	0.709
2724.53,	0.709
2725.08,	0.709
2725.64,	0.709
2726.17,	0.709
2726.69,	0.709
2727.22,	0.709
2727.75,	0.71
2728.25,	0.709
2728.8,	0.708
2729.3,	0.709
2729.83,	0.708
2730.38,	0.709
2730.94,	0.709
2731.47,	0.709
2732,	0.709
2732.55,	0.709
2733.05,	0.709
2733.59,	0.709
2734.13,	0.709
2734.67,	0.709
2735.23,	0.709
2735.78,	0.709
2736.3,	0.709
2736.84,	0.709
2737.34,	0.709
2737.89,	0.709
2738.44,	0.71
2738.98,	0.709
2739.52,	0.709
2740.03,	0.709
2740.56,	0.709
2741.09,	0.71
2741.64,	0.709
2742.17,	0.709
2742.7,	0.709
2743.27,	0.71
2743.78,	0.709
2744.33,	0.709
2744.89,	0.709
2745.39,	0.709
2745.94,	0.709
2746.47,	0.709
2747.03,	0.709
2747.56,	0.709
2748.08,	0.709
2748.61,	0.709
2749.14,	0.71
2749.69,	0.709
2750.22,	0.71
2750.78,	0.71
2751.3,	0.709
2751.86,	0.709
2752.39,	0.709
2752.94,	0.709
2753.47,	0.709
2754.03,	0.709
2754.58,	0.71
2755.13,	0.709
2755.66,	0.709
2756.19,	0.71
2756.73,	0.709
2757.23,	0.71
2757.73,	0.709
2758.27,	0.709
2758.81,	0.709
2759.38,	0.709
2759.89,	0.709
2760.42,	0.709
2760.95,	0.71
2761.48,	0.71
2762.03,	0.71
2762.56,	0.71
2763.11,	0.71
2763.67,	0.709
2764.22,	0.709
2764.73,	0.709
2765.28,	0.709
2765.78,	0.709
2766.31,	0.709
2766.86,	0.709
2767.42,	0.709
2767.95,	0.71
2768.47,	0.709
2769,	0.709
2769.53,	0.71
2770.03,	0.709
2770.58,	0.709
2771.11,	0.709
2771.67,	0.71
2772.19,	0.71
2772.72,	0.709
2773.25,	0.71
2773.78,	0.71
2827.33,	0.71
2827.34,	0.71
2827.34,	0.71
2827.36,	0.71
2827.36,	0.709
2827.38,	0.709
2827.38,	0.709
2827.39,	0.709
2827.39,	0.709
2827.41,	0.709
2827.41,	0.71
2827.42,	0.71
2827.42,	0.709
2827.44,	0.71
2827.44,	0.709
2827.45,	0.709
2827.45,	0.71
2827.45,	0.71
2827.47,	0.71
2827.47,	0.71
2827.48,	0.709
2827.48,	0.71
2827.5,	0.71
2827.5,	0.709
2827.52,	0.709
2827.52,	0.71
2827.53,	0.709
2827.53,	0.71
2827.55,	0.709
2827.55,	0.71
2827.56,	0.709
2827.56,	0.709
2827.58,	0.709
2827.58,	0.709
2827.59,	0.709
2827.59,	0.709
2827.61,	0.709
2827.61,	0.71
2827.63,	0.71
2827.63,	0.709
2827.64,	0.709
2827.64,	0.709
2827.66,	0.709
2827.66,	0.709
2827.67,	0.709
2827.67,	0.709
2827.69,	0.709
2827.69,	0.709
2827.7,	0.709
2827.7,	0.709
2827.72,	0.709
2827.72,	0.709
2827.73,	0.709
2827.73,	0.709
2827.73,	0.709
2827.75,	0.709
2827.75,	0.709
2827.77,	0.709
2827.77,	0.709
2827.78,	0.709
2827.78,	0.709
2827.8,	0.71
2827.8,	0.709
2827.81,	0.709
2827.81,	0.709
2827.83,	0.709
2827.83,	0.709
2827.84,	0.709
2827.84,	0.709
2827.86,	0.709
2827.86,	0.709
2827.88,	0.71
2827.88,	0.709
2827.89,	0.709
2827.89,	0.709
2827.91,	0.709
2827.91,	0.709
2827.92,	0.709
2827.92,	0.709
2827.94,	0.709
2827.94,	0.709
2827.95,	0.709
2827.95,	0.709
2827.97,	0.709
2827.97,	0.709
2827.98,	0.709
2827.98,	0.709
2828,	0.709
2828,	0.709
2828.02,	0.709
2828.02,	0.709
2828.03,	0.709
2828.03,	0.709
2828.05,	0.709
2828.05,	0.709
2828.06,	0.709
2828.06,	0.709
2828.08,	0.709
2828.08,	0.709
2828.09,	0.71
2828.09,	0.709
2828.48,	0.709
2829.03,	0.709
2829.55,	0.709
2830.05,	0.709
2830.59,	0.708
2831.13,	0.709
2831.64,	0.709
2832.17,	0.709
2832.7,	0.71
2833.25,	0.709
2833.78,	0.709
2834.31,	0.709
2834.84,	0.709
2835.36,	0.709
2835.89,	0.709
2836.45,	0.709
2837.03,	0.709
2837.55,	0.709
2838.09,	0.709
2838.59,	0.709
2839.14,	0.709
2839.69,	0.709
2840.22,	0.709
2840.75,	0.708
2841.3,	0.709
2841.86,	0.709
2842.39,	0.709
2842.92,	0.709
2843.47,	0.709
2844.03,	0.709
2844.55,	0.709
2845.08,	0.709
2845.64,	0.709
2846.16,	0.709
2846.69,	0.71
2847.23,	0.709
2847.8,	0.71
2848.34,	0.709
2848.84,	0.709
2849.38,	0.709
2849.92,	0.709
2850.45,	0.709
2851.02,	0.709
2851.58,	0.709
2852.09,	0.709
2852.63,	0.709
2853.17,	0.709
2853.73,	0.709
2854.27,	0.71
2854.78,	0.709
2855.31,	0.71
2855.84,	0.71
2856.34,	0.709
2856.89,	0.708
2857.39,	0.709
2857.92,	0.709
2858.47,	0.709
2859.03,	0.709
2859.56,	0.709
2860.08,	0.709
2860.61,	0.709
2861.14,	0.71
2861.69,	0.709
2862.22,	0.71
2862.78,	0.709
2863.3,	0.709
2863.86,	0.709
2864.39,	0.709
2864.94,	0.709
2865.47,	0.709
2866.03,	0.709
2866.58,	0.709
2867.19,	0.709
2867.66,	0.709
2868.19,	0.71
2868.69,	0.709
2869.23,	0.708
2869.77,	0.709
2870.3,	0.71
2870.83,	0.709
2871.38,	0.71
2871.91,	0.709
2872.44,	0.709
2872.98,	0.709
2873.48,	0.709
2874.03,	0.709
2874.56,	0.709
2875.11,	0.709
2875.67,	0.709
2876.22,	0.709
2876.73,	0.709
2877.3,	0.709
2877.81,	0.709
2878.33,	0.709
2878.88,	0.709
2879.44,	0.709
2879.97,	0.709
2880.52,	0.709
2881.05,	0.709
2881.55,	0.71
2882.09,	0.709
2882.63,	0.709
2883.16,	0.709
2883.72,	0.709
2884.23,	0.709
2884.78,	0.709
2885.33,	0.709
2885.84,	0.709
2886.38,	0.709
2886.92,	0.709
2887.48,	0.709
2888.02,	0.709
2888.53,	0.708
2889.08,	0.709
2889.59,	0.71
2890.14,	0.709
2890.64,	0.708
2891.14,	0.709
2891.69,	0.709
2892.23,	0.709
2892.78,	0.708
2893.31,	0.709
2893.83,	0.708
2894.36,	0.709
2894.89,	0.709
2895.44,	0.709
2895.97,	0.709
2896.52,	0.709
2897.08,	0.709
2897.63,	0.709
2898.14,	0.709
2898.69,	0.709
2899.19,	0.709
2899.73,	0.709
2900.28,	0.709
2900.83,	0.709
2901.36,	0.709
2901.88,	0.709
2902.41,	0.709
2902.94,	0.709
2903.48,	0.709
2904.02,	0.709
2904.56,	0.709
2905.13,	0.709
2905.67,	0.709
2906.19,	0.709
2906.73,	0.709
2907.23,	0.709
2907.77,	0.709
2908.31,	0.709
2908.88,	0.709
2909.45,	0.709
2910.02,	0.709
2910.53,	0.709
2911.06,	0.709
2911.58,	0.709
2912.13,	0.709
2912.67,	0.709
2913.22,	0.709
2913.78,	0.709
2914.34,	0.709
2914.86,	0.709
2915.41,	0.709
2915.95,	0.709
2916.61,	0.709
2917.02,	0.709
2917.56,	0.709
2918.11,	0.709
2918.67,	0.709
2919.19,	0.709
2919.72,	0.709
2920.25,	0.709
2920.77,	0.709
2921.28,	0.709
2921.83,	0.709
2922.38,	0.71
2922.91,	0.709
2923.45,	0.709
2924.02,	0.709
2924.56,	0.709
2925.08,	0.709
2925.63,	0.709
2926.16,	0.709
2926.72,	0.709
2927.23,	0.709
2927.77,	0.709
2928.33,	0.709
2928.91,	0.709
2929.47,	0.709
2929.98,	0.709
2930.52,	0.709
2931.06,	0.709
2931.63,	0.709
2932.17,	0.71
2932.67,	0.709
2933.2,	0.709
2933.75,	0.709
2934.28,	0.709
2934.84,	0.709
2935.42,	0.709
2935.92,	0.709
2936.45,	0.709
2937,	0.709
2937.56,	0.709
2938.09,	0.709
2938.61,	0.709
2939.14,	0.709
2939.67,	0.71
2940.22,	0.712
2940.75,	0.716
2941.31,	0.721
2941.83,	0.726
2942.36,	0.731
2942.88,	0.735
2943.44,	0.74
2944,	0.744
2944.56,	0.746
2945.08,	0.749
2945.61,	0.752
2946.16,	0.754
2946.7,	0.754
2947.22,	0.756
2947.77,	0.757
2948.3,	0.759
2948.84,	0.76
2949.38,	0.76
2949.94,	0.76
2950.52,	0.761
2951.05,	0.761
2951.63,	0.762
2952.17,	0.762
2952.73,	0.762
2953.31,	0.762
2953.81,	0.762
2954.36,	0.763
2954.91,	0.763
2955.45,	0.762
2955.98,	0.763
2956.5,	0.762
2957.27,	0.763
2957.56,	0.763
2958.11,	0.763
2958.64,	0.763
2959.19,	0.763
2959.75,	0.763
2960.3,	0.763
2960.81,	0.763
2961.36,	0.763
2961.89,	0.763
2962.45,	0.763
2962.97,	0.763
2963.5,	0.763
2964.03,	0.763
2964.58,	0.763
2965.14,	0.763
2965.69,	0.763
2966.25,	0.763
2966.78,	0.763
2967.3,	0.764
2967.83,	0.763
2968.36,	0.763
2968.91,	0.763
2969.47,	0.763
2970,	0.763
2970.5,	0.763
2971.02,	0.763
2971.55,	0.763
2972.13,	0.763
2972.69,	0.763
2973.2,	0.764
2973.73,	0.763
2974.3,	0.763
2974.83,	0.763
2975.34,	0.763
2975.89,	0.763
2976.45,	0.763
2977.02,	0.763
2977.55,	0.763
2978.06,	0.763
2978.63,	0.763
2979.14,	0.763
2979.69,	0.763
2980.23,	0.763
2980.78,	0.763
2981.34,	0.763
2981.86,	0.763
2982.39,	0.763
2982.94,	0.763
2983.45,	0.764
2984,	0.763
2984.5,	0.764
2985,	0.763
2985.53,	0.763
2986.08,	0.763
2986.64,	0.763
2987.17,	0.763
2987.69,	0.763
2988.22,	0.763
2988.75,	0.764
2989.25,	0.763
2989.8,	0.762
2990.33,	0.763
2990.88,	0.764
2991.44,	0.763
2991.97,	0.764
2992.52,	0.764
2993.08,	0.763
2993.64,	0.763
2994.16,	0.763
2994.69,	0.764
2995.23,	0.763
2995.78,	0.763
2996.3,	0.764
2996.83,	0.763
2997.34,	0.763
2997.88,	0.763
2998.42,	0.763
2998.94,	0.763
2999.45,	0.764
2999.98,	0.763
3000.52,	0.764
3001.03,	0.763
3001.56,	0.764
3002.09,	0.764
3002.64,	0.763
3003.14,	0.764
3003.67,	0.763
3004.23,	0.763
3004.75,	0.763
3005.28,	0.763
3005.8,	0.764
3006.33,	0.763
3006.86,	0.763
3007.39,	0.764
3007.94,	0.763
3008.47,	0.764
3009.02,	0.763
3009.58,	0.763
3010.13,	0.764
3010.64,	0.763
3011.19,	0.764
3011.69,	0.763
3012.22,	0.763
3012.77,	0.763
3013.33,	0.763
3013.91,	0.764
3014.47,	0.763
3015.03,	0.763
3015.58,	0.763
3016.13,	0.763
3016.66,	0.764
3017.19,	0.764
3017.73,	0.764
3018.23,	0.764
3018.77,	0.763
3019.31,	0.764
3019.88,	0.764
3020.44,	0.764
3020.98,	0.763
3021.52,	0.764
3022.08,	0.763
3022.59,	0.764
3023.13,	0.763
3023.66,	0.763
3024.17,	0.764
3024.72,	0.763
3025.28,	0.763
3025.84,	0.763
3026.38,	0.764
3026.89,	0.763
3027.45,	0.764
3027.97,	0.764
3028.52,	0.764
3029.06,	0.763
3029.61,	0.763
3030.17,	0.763
3030.69,	0.764
3031.22,	0.763
3031.77,	0.764
3032.28,	0.764
3032.83,	0.764
3033.33,	0.764
3033.83,	0.763
3034.36,	0.763
3034.91,	0.763
3035.47,	0.763
3035.98,	0.764
3036.52,	0.763
3037.05,	0.763
3037.58,	0.764
3038.13,	0.764
3038.66,	0.764
3039.22,	0.763
3039.73,	0.764
3040.3,	0.764
3040.86,	0.764
3041.38,	0.764
3041.91,	0.764
3042.47,	0.764
3043,	0.763
3043.56,	0.763
3044.09,	0.764
3044.63,	0.764
3045.17,	0.764
3045.67,	0.764
3046.2,	0.763
3046.77,	0.763
3047.28,	0.764
3047.81,	0.763
3048.38,	0.763
3048.95,	0.764
3049.52,	0.764
3050.05,	0.763
3050.61,	0.763
3051.14,	0.763
3051.67,	0.765
3052.22,	0.764
3052.75,	0.764
3053.3,	0.763
3053.83,	0.764
3054.39,	0.763
3054.92,	0.763
3055.42,	0.763
3056,	0.763
3056.56,	0.764
3057.09,	0.763
3057.66,	0.763
3058.19,	0.764
3058.72,	0.764
3059.27,	0.763
3059.77,	0.764
3060.27,	0.763
3060.8,	0.763
3061.34,	0.763
3061.91,	0.763
3062.44,	0.764
3062.95,	0.763
3063.48,	0.763
3064.02,	0.764
3064.56,	0.763
3065.09,	0.764
3065.64,	0.763
3066.19,	0.763
3066.7,	0.763
3067.23,	0.763
3067.75,	0.763
3068.3,	0.763
3068.81,	0.764
3069.34,	0.763
3069.91,	0.763
3070.45,	0.763
3071,	0.763
3071.53,	0.763
3072.06,	0.764
3072.61,	0.764
3073.11,	0.763
3073.67,	0.763
3074.2,	0.763
3074.72,	0.763
3075.28,	0.763
3075.8,	0.763
3076.34,	0.763
3076.89,	0.763
3077.44,	0.763
3078,	0.763
3078.52,	0.764
3079.05,	0.763
3079.58,	0.763
3080.11,	0.764
3080.63,	0.763
3081.16,	0.763
3081.69,	0.763
3082.25,	0.763
3082.77,	0.763
3083.3,	0.763
3083.83,	0.763
3084.34,	0.763
3084.88,	0.763
3085.41,	0.763
3085.95,	0.764
3086.48,	0.764
3087.03,	0.764
3087.58,	0.763
3088.09,	0.763
3088.63,	0.763
3089.14,	0.763
3089.69,	0.764
3090.2,	0.764
3090.73,	0.764
3091.3,	0.764
3091.83,	0.763
3092.39,	0.763
3092.92,	0.763
3093.45,	0.765
3093.95,	0.763
3094.5,	0.764
3095.03,	0.763
3095.59,	0.763
3096.11,	0.764
3096.64,	0.763
3097.2,	0.763
3097.75,	0.764
3098.25,	0.764
3098.75,	0.764
3099.28,	0.764
3099.83,	0.764
3100.38,	0.764
3100.92,	0.764
3101.44,	0.764
3101.97,	0.764
3102.53,	0.763
3103.08,	0.764
3103.64,	0.763
3104.16,	0.764
3104.69,	0.763
3105.22,	0.764
3105.73,	0.763
3106.27,	0.764
3106.8,	0.764
3107.34,	0.764
3107.88,	0.764
3108.44,	0.763
3108.98,	0.764
3109.52,	0.764
3110.05,	0.764
3114.22,	0.763
3114.22,	0.763
3114.23,	0.763
3114.23,	0.764
3114.25,	0.764
3114.25,	0.763
3114.27,	0.764
3114.42,	0.764
3114.97,	0.764
3115.53,	0.764
3116.06,	0.764
3116.58,	0.764
3117.09,	0.763
3117.64,	0.764
3118.14,	0.764
3118.69,	0.764
3119.22,	0.764
3119.78,	0.764
3120.3,	0.764
3120.83,	0.763
3141.94,	0.764
3141.95,	0.764
3141.95,	0.764
3141.97,	0.764
3141.97,	0.763
3141.98,	0.764
3141.98,	0.764
3142,	0.764
3142,	0.764
3142.02,	0.764
3142.03,	0.764
3142.03,	0.764
3142.05,	0.764
3142.05,	0.764
3142.06,	0.764
3142.06,	0.764
3142.08,	0.765
3142.08,	0.764
3142.09,	0.763
3142.09,	0.764
3142.11,	0.764
3142.11,	0.764
3142.13,	0.764
3142.13,	0.764
3142.14,	0.764
3142.14,	0.764
3142.16,	0.764
3142.16,	0.764
3142.17,	0.764
3142.17,	0.764
3142.19,	0.764
3142.19,	0.764
3142.2,	0.764
3142.22,	0.763
3142.22,	0.764
3142.23,	0.763
3142.23,	0.764
3142.25,	0.763
3142.25,	0.764
3142.28,	0.764
3142.78,	0.764
3143.33,	0.763
3143.83,	0.764
3144.36,	0.764
3144.91,	0.764
3145.48,	0.764
3146,	0.764
3146.53,	0.764
3147.05,	0.764
3147.55,	0.764
3148.05,	0.764
3148.55,	0.765
3149.05,	0.764
3149.63,	0.762
3150.16,	0.764
3150.7,	0.763
3151.23,	0.764
3151.77,	0.764
3152.3,	0.764
3152.83,	0.763
3153.33,	0.764
3153.88,	0.764
3154.38,	0.764
3154.91,	0.764
3155.45,	0.764
3156.02,	0.763
3156.53,	0.764
3157.06,	0.763
3157.61,	0.764
3158.13,	0.765
3158.63,	0.764
3159.17,	0.765
3159.67,	0.764
3160.2,	0.764
3160.75,	0.764
3161.31,	0.763
3161.89,	0.764
3162.45,	0.764
3163.02,	0.764
3163.56,	0.764
3164.23,	0.764
3164.64,	0.764
3165.17,	0.764
3165.72,	0.764
3166.25,	0.764
3166.8,	0.764
3167.33,	0.764
3167.89,	0.764
3168.44,	0.764
3169,	0.764
3169.55,	0.764
3170.11,	0.763
3170.63,	0.764
3171.16,	0.763
3171.69,	0.764
3172.22,	0.764
3172.77,	0.764
3173.3,	0.764
3173.84,	0.764
3174.38,	0.764
3174.94,	0.764
3175.47,	0.764
3176.02,	0.764
3176.55,	0.764
3177.06,	0.764
3177.59,	0.764
3178.16,	0.764
3178.7,	0.764
3179.25,	0.764
3179.77,	0.766
3180.31,	0.769
3180.88,	0.775
3181.41,	0.78
3181.92,	0.785
3182.48,	0.79
3183,	0.794
3183.55,	0.798
3184.09,	0.801
3184.64,	0.804
3185.2,	0.806
3185.72,	0.807
3186.25,	0.809
3186.78,	0.81
3187.3,	0.811
3187.81,	0.813
3188.36,	0.813
3188.91,	0.814
3189.44,	0.814
3189.98,	0.815
3190.53,	0.815
3191.05,	0.815
3191.58,	0.816
3192.14,	0.816
3192.69,	0.816
3193.25,	0.816
3193.77,	0.816
3194.3,	0.816
3194.83,	0.816
3195.34,	0.816
3195.86,	0.816
3196.41,	0.817
3196.95,	0.817
3197.48,	0.817
3198.02,	0.817
3198.58,	0.817
3199.09,	0.817
3199.63,	0.817
3200.2,	0.817
3200.73,	0.817
3201.3,	0.817
3201.81,	0.818
3202.34,	0.817
3202.86,	0.817
3203.39,	0.817
3203.92,	0.817
3204.45,	0.818
3204.95,	0.817
3205.48,	0.817
3206,	0.817
3206.55,	0.817
3207.09,	0.817
3207.64,	0.817
3208.17,	0.817
3208.7,	0.818
3209.2,	0.817
3209.75,	0.816
3210.28,	0.817
3210.83,	0.818
3211.36,	0.817
3211.89,	0.817
3212.42,	0.817
3212.94,	0.817
3213.47,	0.817
3214,	0.818
3214.55,	0.817
3215.08,	0.818
3215.64,	0.817
3216.16,	0.818
3216.72,	0.817
3217.27,	0.817
3217.83,	0.817
3218.38,	0.817
3218.94,	0.817
3219.45,	0.817
3219.98,	0.817
3220.52,	0.817
3221.05,	0.818
3221.59,	0.817
3222.13,	0.818
3222.67,	0.817
3223.23,	0.817
3223.77,	0.818
3224.31,	0.818
3224.88,	0.818
3225.42,	0.817
3225.98,	0.817
3226.52,	0.818
3227.03,	0.817
3227.56,	0.818
3228.09,	0.818
3228.59,	0.818
3229.14,	0.817
3229.64,	0.817
3230.17,	0.818
3230.72,	0.818
3231.28,	0.818
3231.81,	0.818
3232.33,	0.818
3232.86,	0.818
3233.39,	0.819
3233.94,	0.818
3234.47,	0.818
3235,	0.818
3235.53,	0.818
3236.05,	0.818
3236.58,	0.818
3237.11,	0.818
3237.63,	0.817
3238.14,	0.818
3238.69,	0.818
3239.23,	0.818
3239.77,	0.818
3240.3,	0.818
3240.86,	0.818
3241.38,	0.818
3241.92,	0.818
3242.48,	0.818
3243.02,	0.818
3243.58,	0.818
3244.08,	0.818
3244.63,	0.817
3245.14,	0.818
3245.67,	0.817
3246.2,	0.818
3246.73,	0.818
3247.28,	0.818
3247.81,	0.817
3248.34,	0.818
3248.88,	0.818
3249.39,	0.818
3249.92,	0.818
3250.47,	0.818
3250.98,	0.818
3251.53,	0.818
3252.03,	0.819
3252.56,	0.818
3253.11,	0.819
3253.67,	0.818
3254.2,	0.818
3254.72,	0.818
3255.25,	0.818
3255.78,	0.818
3256.36,	0.818
3256.92,	0.818
3257.44,	0.818
3257.97,	0.818
3258.52,	0.818
3259.03,	0.818
3259.58,	0.818
3260.08,	0.818
3260.58,	0.818
3261.13,	0.818
3261.66,	0.818
3262.22,	0.818
3262.73,	0.817
3263.27,	0.817
3263.8,	0.818
3264.33,	0.818
3264.88,	0.818
3265.38,	0.818
3265.92,	0.818
3266.45,	0.818
3267,	0.818
3267.55,	0.818
3268.06,	0.818
3268.59,	0.818
3269.17,	0.818
3269.7,	0.818
3270.27,	0.817
3270.78,	0.818
3271.31,	0.817
3271.88,	0.818
3272.42,	0.818
3272.92,	0.818
3273.42,	0.818
3273.97,	0.818
3274.5,	0.818
3275.03,	0.818
3275.59,	0.818
3276.11,	0.818
3276.64,	0.818
3277.2,	0.818
3277.72,	0.818
3278.25,	0.818
3278.8,	0.818
3279.36,	0.818
3279.88,	0.818
3280.41,	0.818
3280.94,	0.818
3281.47,	0.818
3282.02,	0.818
3282.55,	0.818
3283.09,	0.818
3283.64,	0.818
3284.16,	0.818
3284.7,	0.818
3285.25,	0.818
3285.77,	0.818
3286.3,	0.818
3286.84,	0.818
3287.41,	0.818
3287.94,	0.818
3288.45,	0.818
3288.98,	0.818
3289.52,	0.818
3290.06,	0.818
3290.59,	0.818
3291.14,	0.818
3291.7,	0.818
3292.25,	0.818
3292.77,	0.818
3293.31,	0.818
3293.81,	0.818
3294.34,	0.818
3294.89,	0.818
3295.45,	0.818
3295.97,	0.818
3296.5,	0.818
3297.03,	0.818
3297.56,	0.819
3298.11,	0.819
3298.61,	0.818
3299.14,	0.818
3299.7,	0.819
3300.22,	0.818
3300.75,	0.818
3301.28,	0.818
3301.8,	0.818
3302.33,	0.818
3302.86,	0.818
3303.41,	0.818
3303.94,	0.818
3304.48,	0.818
3305.03,	0.818
3305.55,	0.818
3306.08,	0.818
3306.59,	0.818
3307.14,	0.818
3307.66,	0.818
3308.19,	0.819
3308.7,	0.818
3309.23,	0.818
3309.8,	0.818
3310.34,	0.818
3310.89,	0.817
3311.41,	0.818
3311.95,	0.818
3312.52,	0.818
3313.05,	0.818
3313.56,	0.818
3314.13,	0.818
3314.64,	0.818
3325.28,	0.818
3325.3,	0.818
3325.31,	0.818
3325.31,	0.818
3325.33,	0.818
3325.34,	0.818
3325.34,	0.818
3325.36,	0.818
3325.36,	0.818
3325.38,	0.818
3325.39,	0.818
3325.39,	0.818
3325.41,	0.818
3325.42,	0.818
3325.42,	0.818
3325.44,	0.818
3325.44,	0.818
3325.45,	0.818
3325.47,	0.818
3325.47,	0.818
3325.94,	0.818
3326.47,	0.818
3327,	0.818
3327.55,	0.818
