2154.39,	3.9e-005
2154.95,	3.6e-005
2155.53,	3.3e-005
2156.11,	3.1e-005
2156.7,	2.9e-005
2157.25,	2.8e-005
2157.83,	2.7e-005
2158.42,	2.6e-005
2159,	2.5e-005
2159.58,	2.5e-005
2160.14,	2.4e-005
2160.72,	2.4e-005
2161.3,	2.4e-005
2161.88,	2.3e-005
2162.45,	2.3e-005
2163,	2.3e-005
2163.58,	2.3e-005
2164.17,	2.3e-005
2164.75,	2.2e-005
2165.33,	2.2e-005
2165.88,	2.2e-005
2166.47,	2.2e-005
2167.05,	2.2e-005
2167.63,	2.2e-005
2168.22,	2.2e-005
2168.76,	2.2e-005
2169.34,	2.2e-005
2169.94,	2.1e-005
2170.51,	2.1e-005
2171.09,	2.1e-005
2171.64,	2e-005
2172.23,	2e-005
2172.81,	2e-005
2173.39,	2e-005
2173.97,	2e-005
2174.53,	2e-005
2175.09,	1.9e-005
2175.67,	1.9e-005
2176.26,	1.9e-005
2176.8,	1.9e-005
2177.34,	1.9e-005
2177.89,	1.9e-005
2178.45,	1.9e-005
2179.03,	1.9e-005
2179.58,	1.9e-005
2180.17,	1.9e-005
2180.72,	1.9e-005
2181.28,	1.9e-005
2181.83,	1.9e-005
2182.41,	1.8e-005
2183,	1.8e-005
2183.56,	1.8e-005
2184.11,	1.8e-005
2184.64,	1.8e-005
2185.22,	1.8e-005
2185.8,	1.8e-005
2186.38,	1.7e-005
2186.97,	1.7e-005
2187.51,	1.7e-005
2188.11,	1.8e-005
2188.69,	1.8e-005
2189.26,	1.8e-005
2189.84,	1.8e-005
2190.41,	1.8e-005
2190.98,	1.8e-005
2191.56,	1.8e-005
2192.14,	1.8e-005
2192.72,	1.8e-005
2193.26,	1.8e-005
2193.86,	1.8e-005
2194.44,	1.7e-005
2195.01,	1.7e-005
2195.59,	1.6e-005
2196.16,	1.6e-005
2196.73,	1.6e-005
2197.31,	1.6e-005
2197.89,	1.6e-005
2198.48,	1.6e-005
2199.03,	1.6e-005
2199.61,	1.6e-005
2200.2,	1.6e-005
2200.78,	1.7e-005
2201.36,	1.7e-005
2201.92,	1.7e-005
2202.5,	1.7e-005
2203.08,	1.7e-005
2203.66,	1.7e-005
2204.23,	1.6e-005
2204.78,	1.6e-005
2205.36,	1.5e-005
2205.95,	1.5e-005
2206.53,	1.5e-005
2207.11,	1.5e-005
2207.63,	1.5e-005
2208.2,	1.6e-005
2208.75,	1.6e-005
2209.33,	1.6e-005
2209.91,	1.6e-005
2210.48,	1.6e-005
2211.08,	1.6e-005
2211.64,	1.6e-005
2212.19,	1.6e-005
2212.76,	1.5e-005
2213.33,	1.5e-005
2213.88,	1.5e-005
2214.45,	1.5e-005
2215.05,	1.5e-005
2215.59,	1.5e-005
2216.17,	1.5e-005
2216.75,	1.5e-005
2217.34,	1.5e-005
2217.92,	1.5e-005
2218.48,	1.5e-005
2219.06,	1.5e-005
2219.63,	1.5e-005
2220.22,	1.5e-005
2220.8,	1.5e-005
2221.34,	1.4e-005
2221.92,	1.4e-005
2222.51,	1.4e-005
2223.09,	1.4e-005
2223.67,	1.4e-005
2224.22,	1.4e-005
2224.81,	1.4e-005
2225.39,	1.4e-005
2225.97,	1.5e-005
2226.56,	1.5e-005
2227.11,	1.5e-005
2227.67,	1.5e-005
2228.25,	1.5e-005
2228.8,	1.4e-005
2229.36,	1.4e-005
2229.92,	1.4e-005
2230.47,	1.4e-005
2231.01,	1.4e-005
2231.61,	1.4e-005
2232.16,	1.4e-005
2232.72,	1.4e-005
2233.3,	1.4e-005
2233.84,	1.4e-005
2234.41,	1.4e-005
2234.98,	1.4e-005
2235.56,	1.4e-005
2236.13,	1.3e-005
2236.69,	1.3e-005
2237.26,	1.3e-005
2237.86,	1.3e-005
2238.44,	1.3e-005
2238.98,	1.4e-005
2239.55,	1.4e-005
2240.09,	1.4e-005
2240.66,	1.4e-005
2241.23,	1.4e-005
2241.83,	1.3e-005
2242.36,	1.3e-005
2242.92,	1.3e-005
2243.5,	1.3e-005
2244.06,	1.3e-005
2244.64,	1.3e-005
2245.22,	1.3e-005
2245.8,	1.3e-005
2246.31,	1.4e-005
2246.88,	1.4e-005
2247.41,	1.4e-005
2247.97,	1.3e-005
2248.55,	1.3e-005
2249.11,	1.3e-005
2249.67,	1.3e-005
2250.25,	1.3e-005
2250.83,	1.3e-005
2251.42,	1.3e-005
2251.97,	1.3e-005
2252.55,	1.3e-005
2253.11,	1.3e-005
2253.7,	1.3e-005
2254.28,	1.3e-005
2254.83,	1.3e-005
2255.39,	1.3e-005
2255.94,	1.3e-005
2256.51,	1.3e-005
2257.09,	1.3e-005
2257.69,	1.3e-005
2258.26,	1.3e-005
2258.83,	1.3e-005
2259.41,	1.2e-005
2259.98,	1.2e-005
2260.58,	1.2e-005
2261.16,	1.2e-005
2261.7,	1.2e-005
2262.26,	1.3e-005
2262.84,	1.3e-005
2263.38,	1.3e-005
2263.94,	1.3e-005
2264.51,	1.2e-005
2265.06,	1.2e-005
2265.63,	1.2e-005
2266.2,	1.2e-005
2266.75,	1.2e-005
2267.34,	1.3e-005
2267.91,	1.3e-005
2268.45,	1.3e-005
2269,	1.2e-005
2269.58,	1.2e-005
2270.16,	1.2e-005
2270.7,	1.2e-005
2271.28,	1.2e-005
2271.88,	1.2e-005
2272.45,	1.2e-005
2273.03,	1.3e-005
2273.58,	1.3e-005
2274.17,	1.2e-005
2274.75,	1.2e-005
2275.33,	1.2e-005
2275.92,	1.2e-005
2276.47,	1.2e-005
2277.05,	1.2e-005
2277.63,	1.2e-005
2278.22,	1.2e-005
2278.8,	1.2e-005
2279.34,	1.2e-005
2279.94,	1.2e-005
2280.51,	1.2e-005
2281.09,	1.2e-005
2281.67,	1.2e-005
2282.23,	1.2e-005
2282.81,	1.2e-005
2283.38,	1.2e-005
2283.97,	1.2e-005
2284.55,	1.2e-005
2285.09,	1.2e-005
2285.67,	1.2e-005
2286.26,	1.2e-005
2286.84,	1.2e-005
2287.44,	1.1e-005
2287.98,	1.1e-005
2288.56,	1.2e-005
2289.14,	1.2e-005
2289.72,	1.2e-005
2290.31,	1.2e-005
2290.88,	1.2e-005
2291.45,	1.1e-005
2292.03,	1.1e-005
2292.59,	1.1e-005
2293.14,	1.2e-005
2293.69,	1.2e-005
2294.28,	1.2e-005
2294.83,	1.2e-005
2295.42,	1.1e-005
2296,	1.1e-005
2296.58,	1.1e-005
2297.11,	1.1e-005
2297.66,	1.2e-005
2298.23,	1.2e-005
2298.8,	1.2e-005
2299.38,	1.1e-005
2299.94,	1.1e-005
2300.53,	1.1e-005
2301.11,	1.1e-005
2301.66,	1.1e-005
2302.22,	1.2e-005
2302.76,	1.2e-005
2303.33,	1.1e-005
2303.91,	1.1e-005
2304.44,	1.1e-005
2304.98,	1.1e-005
2305.53,	1.1e-005
2306.09,	1.2e-005
2306.67,	1.1e-005
2307.25,	1.1e-005
2307.81,	1.1e-005
2308.38,	1.1e-005
2308.95,	1.1e-005
2309.48,	1.1e-005
2310.03,	1.1e-005
2310.63,	1.1e-005
2311.22,	1.1e-005
2311.73,	1.1e-005
2312.3,	1.1e-005
2312.86,	1.1e-005
2313.42,	1.1e-005
2314.01,	1.1e-005
2314.59,	1.1e-005
2315.17,	1.1e-005
2315.72,	1.1e-005
2316.31,	1.1e-005
2316.88,	1.1e-005
2317.42,	1.1e-005
2317.97,	1.1e-005
2318.55,	1.1e-005
2319.14,	1.1e-005
2319.69,	1.1e-005
2320.26,	1.1e-005
2320.83,	1.1e-005
2321.42,	1.1e-005
2322,	1.1e-005
2322.55,	1.1e-005
2323.11,	1.1e-005
2323.66,	1.1e-005
2324.22,	1.1e-005
2324.81,	1.1e-005
2325.39,	1.1e-005
2325.92,	1.1e-005
2326.48,	1.1e-005
2327.06,	1.1e-005
2327.63,	1.1e-005
2328.2,	1.1e-005
2328.76,	1.1e-005
2329.31,	1.1e-005
2329.88,	1.1e-005
2330.44,	1.1e-005
2331.01,	1.1e-005
2331.56,	1.1e-005
2332.13,	1e-005
2332.67,	1e-005
2333.22,	1.1e-005
2333.81,	1.1e-005
2334.39,	1.1e-005
2334.98,	1.1e-005
2335.53,	1.1e-005
2336.11,	1.1e-005
2336.67,	1.1e-005
2337.26,	1.1e-005
2337.84,	1.1e-005
2338.39,	1.1e-005
2338.95,	1.1e-005
2339.5,	1.1e-005
2340.08,	1e-005
2340.66,	1e-005
2341.25,	1e-005
2341.83,	1e-005
2342.39,	1.1e-005
2342.97,	1.1e-005
2343.53,	1.1e-005
2344.05,	1.1e-005
2344.61,	1.1e-005
2345.16,	1.1e-005
2345.72,	1.1e-005
2346.28,	1.1e-005
2346.81,	1e-005
2347.38,	1e-005
2347.95,	1e-005
2348.51,	1e-005
2349.09,	1e-005
2349.66,	1e-005
2350.2,	1.1e-005
2350.76,	1.1e-005
2351.33,	1.1e-005
2351.91,	1.1e-005
2352.45,	1.1e-005
2353.01,	1e-005
2353.56,	1.1e-005
2354.11,	1.1e-005
2354.7,	1e-005
2355.28,	1e-005
2355.88,	1e-005
2356.42,	1e-005
2357,	1e-005
2357.56,	1e-005
2358.16,	1e-005
2358.73,	1e-005
2359.28,	1e-005
2359.84,	1e-005
2360.39,	1e-005
2360.97,	1e-005
2361.55,	1e-005
2362.14,	1e-005
2362.72,	9.9e-006
2363.28,	9.9e-006
2363.86,	1e-005
2364.44,	1e-005
2365.01,	1e-005
2365.59,	1e-005
2366.14,	1e-005
2366.7,	1e-005
2367.23,	1e-005
2367.8,	1e-005
2368.39,	1e-005
2368.97,	1e-005
2369.55,	1e-005
2370.09,	1e-005
2370.69,	1e-005
2371.26,	9.8e-006
2371.84,	9.7e-006
2372.44,	9.7e-006
2372.98,	9.7e-006
2373.58,	1e-005
2374.16,	1e-005
2374.75,	1e-005
2375.33,	1e-005
2375.88,	1e-005
2376.45,	1e-005
2377.03,	9.9e-006
2377.59,	1e-005
2378.14,	9.9e-006
2378.72,	9.8e-006
2379.31,	9.9e-006
2379.88,	9.8e-006
2380.45,	9.6e-006
2381.03,	9.6e-006
2381.61,	9.7e-006
2382.19,	9.6e-006
2382.75,	9.6e-006
2383.33,	9.7e-006
2383.91,	9.6e-006
2384.48,	9.7e-006
2385.06,	9.8e-006
2385.61,	9.8e-006
2386.19,	9.7e-006
2386.78,	9.7e-006
2387.36,	9.7e-006
2387.95,	9.5e-006
2388.47,	9.5e-006
2389.05,	9.4e-006
2389.59,	9.4e-006
2390.19,	9.4e-006
2390.76,	9.6e-006
2391.34,	9.5e-006
2391.92,	9.5e-006
2392.48,	9.6e-006
2393.05,	9.8e-006
2393.63,	9.6e-006
2394.22,	9.4e-006
2394.81,	9.4e-006
2395.34,	9.4e-006
2395.94,	9.3e-006
2396.51,	9.5e-006
2397.09,	9.6e-006
2397.69,	9.5e-006
2398.23,	9.5e-006
2398.81,	9.5e-006
2399.39,	9.6e-006
2399.97,	9.5e-006
2400.56,	9.6e-006
2401.13,	9.5e-006
2401.7,	9.4e-006
2402.28,	9.6e-006
2402.86,	9.4e-006
2403.44,	9.3e-006
2404,	9.2e-006
2404.56,	9.2e-006
2405.14,	9.2e-006
2405.73,	9.2e-006
2406.33,	9.2e-006
2406.86,	9.3e-006
2407.44,	9.6e-006
2408.03,	9.4e-006
2408.61,	9.3e-006
2409.2,	9.4e-006
2409.75,	9.3e-006
2410.33,	9.4e-006
2410.91,	9.1e-006
2411.48,	9.1e-006
2412.08,	9.1e-006
2412.63,	9.1e-006
2413.22,	9e-006
2413.8,	9.2e-006
2414.38,	9.3e-006
2414.91,	9.2e-006
2415.47,	9.2e-006
2416.05,	9.2e-006
2416.61,	9.2e-006
2417.16,	9.2e-006
2417.73,	9.1e-006
2418.28,	9e-006
2418.84,	8.9e-006
2419.42,	9e-006
2420.01,	9e-006
2420.56,	8.9e-006
2421.14,	9e-006
2421.7,	9.1e-006
2422.23,	9e-006
2422.81,	9.1e-006
2423.39,	9e-006
2423.97,	9.2e-006
2424.5,	9e-006
2425.06,	8.8e-006
2425.61,	8.8e-006
2426.2,	8.8e-006
2426.78,	8.7e-006
2427.36,	8.9e-006
2427.94,	8.9e-006
2428.5,	9e-006
2429.08,	8.8e-006
2429.66,	9e-006
2430.23,	8.9e-006
2430.81,	8.9e-006
2431.36,	9e-006
2431.95,	8.9e-006
2432.53,	8.9e-006
2433.13,	8.8e-006
2433.7,	8.7e-006
2434.26,	8.8e-006
2434.83,	8.7e-006
2435.41,	8.7e-006
2436,	8.6e-006
2436.59,	8.7e-006
2437.13,	8.7e-006
2437.72,	8.6e-006
2438.3,	8.6e-006
2438.89,	8.6e-006
2439.48,	8.7e-006
2440.05,	8.5e-006
2440.63,	8.5e-006
2441.2,	8.5e-006
2441.78,	8.5e-006
2442.39,	8.5e-006
2442.94,	8.4e-006
2443.53,	8.4e-006
2444.09,	8.4e-006
2444.63,	8.6e-006
2445.2,	8.6e-006
2445.78,	8.5e-006
2446.36,	8.3e-006
2446.92,	8.4e-006
2447.5,	8.7e-006
2448.08,	8.5e-006
2448.66,	8.5e-006
2449.23,	8.5e-006
2449.78,	8.6e-006
2450.36,	8.6e-006
2450.89,	8.4e-006
2451.47,	8.5e-006
2452.05,	8.4e-006
2452.64,	8.4e-006
2453.23,	8.4e-006
2453.76,	8.4e-006
2454.36,	8.4e-006
2454.94,	8.3e-006
2455.53,	8.3e-006
2456.13,	8.4e-006
2456.66,	8.4e-006
2457.25,	8.4e-006
2457.81,	8.3e-006
2458.41,	8.4e-006
2458.94,	8.4e-006
2459.5,	8.3e-006
2460.08,	8.3e-006
2460.63,	8.4e-006
2461.2,	8.2e-006
2461.76,	8.2e-006
2462.36,	8.2e-006
2462.91,	8.2e-006
2463.45,	8.3e-006
2464.05,	8.1e-006
2464.59,	8.1e-006
2465.16,	8e-006
2465.75,	8.1e-006
2466.34,	8.1e-006
2466.92,	8.1e-006
2467.48,	8.1e-006
2468.06,	8.1e-006
2468.64,	7.9e-006
2469.22,	7.9e-006
2469.81,	7.9e-006
2470.38,	7.9e-006
2470.91,	7.8e-006
2471.45,	7.8e-006
2472.03,	7.8e-006
2472.61,	7.7e-006
2473.17,	8.1e-006
2473.72,	8e-006
2474.28,	8e-006
2474.88,	7.8e-006
2475.41,	7.9e-006
2476,	7.9e-006
2476.58,	7.9e-006
2477.16,	7.9e-006
2477.75,	7.9e-006
2478.3,	7.9e-006
2478.86,	7.9e-006
2479.44,	7.9e-006
2480.03,	8.1e-006
2480.58,	7.8e-006
2481.14,	7.8e-006
2481.72,	7.8e-006
2482.26,	7.9e-006
2482.84,	7.8e-006
2483.44,	8e-006
2484.01,	7.8e-006
2484.61,	7.8e-006
2485.16,	7.8e-006
2485.73,	7.8e-006
2486.33,	7.8e-006
2486.91,	7.8e-006
2487.5,	7.7e-006
2488.03,	7.7e-006
2488.63,	7.6e-006
2489.2,	7.6e-006
2489.78,	7.6e-006
2490.38,	7.5e-006
2490.92,	7.5e-006
2491.5,	7.7e-006
2492.08,	7.5e-006
2492.67,	7.5e-006
2493.25,	7.4e-006
2493.81,	7.5e-006
2494.39,	7.4e-006
2494.97,	7.4e-006
2495.55,	7.3e-006
2496.08,	7.3e-006
2496.64,	7.3e-006
2497.22,	7.3e-006
2497.78,	7.3e-006
2498.36,	7.2e-006
2498.94,	7.8e-006
2499.51,	7.8e-006
2500.09,	7.7e-006
2500.63,	7.5e-006
2501.19,	7.5e-006
2501.73,	7.5e-006
2502.33,	7.6e-006
2502.91,	7.8e-006
2503.47,	7.5e-006
2504.01,	7.5e-006
2504.58,	7.6e-006
2505.16,	7.5e-006
2505.72,	7.5e-006
2506.3,	7.5e-006
2506.88,	7.5e-006
2507.41,	7.4e-006
2507.97,	7.4e-006
2508.53,	7.3e-006
2509.13,	7.4e-006
2509.67,	7.4e-006
2510.26,	7.4e-006
2510.81,	7.4e-006
2511.41,	7.3e-006
2511.95,	7.3e-006
2512.51,	7.2e-006
2513.11,	7.2e-006
2513.64,	7.2e-006
2514.22,	7.1e-006
2514.78,	7.3e-006
2515.31,	7.1e-006
2515.89,	7e-006
2516.45,	7e-006
2517,	7e-006
2517.58,	7e-006
2518.17,	7e-006
2518.72,	7.5e-006
2519.31,	7.5e-006
2519.86,	7.4e-006
2520.45,	7.1e-006
2520.98,	7.2e-006
2521.55,	7.3e-006
2522.13,	7.2e-006
2522.67,	7.3e-006
2523.26,	7.2e-006
2523.83,	7.2e-006
2524.38,	7.2e-006
2524.94,	7.2e-006
2525.5,	7.2e-006
2526.08,	7.2e-006
2526.63,	7.2e-006
2527.19,	7.2e-006
2527.73,	7.1e-006
2528.28,	7e-006
2528.88,	7e-006
2529.45,	7.1e-006
2530.05,	7e-006
2530.59,	6.9e-006
2531.17,	6.9e-006
2531.76,	7e-006
2532.34,	6.9e-006
2532.92,	6.9e-006
2533.48,	6.9e-006
2534.06,	6.8e-006
2534.64,	6.8e-006
2535.22,	6.8e-006
2535.81,	6.7e-006
2536.36,	6.8e-006
2536.95,	6.7e-006
2537.53,	6.7e-006
2538.11,	6.7e-006
2538.7,	6.7e-006
2539.25,	6.7e-006
2539.83,	6.7e-006
2540.42,	6.7e-006
2541,	6.6e-006
2541.53,	6.6e-006
2542.08,	6.6e-006
2542.67,	6.6e-006
2543.22,	6.6e-006
2543.78,	6.6e-006
2544.38,	6.6e-006
2544.97,	6.6e-006
2545.56,	6.6e-006
2546.11,	6.6e-006
2546.69,	6.6e-006
2547.26,	6.6e-006
2547.84,	6.9e-006
2548.44,	6.5e-006
2549,	6.4e-006
2549.55,	6.4e-006
2550.13,	6.5e-006
2550.67,	6.4e-006
2551.23,	6.4e-006
2551.81,	6.4e-006
2552.41,	6.4e-006
2552.95,	6.4e-006
2553.51,	6.4e-006
2554.09,	6.4e-006
2554.69,	6.4e-006
2555.23,	6.4e-006
2555.8,	6.4e-006
2556.38,	6.4e-006
2556.92,	6.4e-006
2557.51,	6.4e-006
2558.09,	6.4e-006
2558.67,	6.3e-006
2559.25,	6.4e-006
2559.81,	6.4e-006
2560.38,	6.3e-006
2560.92,	6.3e-006
2561.47,	6.2e-006
2562.06,	6.2e-006
2562.64,	6.2e-006
2563.2,	6.2e-006
2563.75,	6.2e-006
2564.31,	6.2e-006
2564.86,	6.2e-006
2565.44,	6.2e-006
2566.01,	6.2e-006
2566.61,	6.2e-006
2567.19,	6.2e-006
2567.75,	6.2e-006
2568.33,	6.2e-006
2568.91,	6.2e-006
2569.48,	6.2e-006
2570.08,	6.2e-006
2570.64,	6.2e-006
2571.19,	6.1e-006
2571.72,	6.1e-006
2572.3,	6.1e-006
2572.88,	6.1e-006
2573.45,	6.1e-006
2574.05,	6.1e-006
2574.59,	6.1e-006
2575.19,	6.8e-006
2575.73,	6.8e-006
2576.33,	6.5e-006
2576.86,	6.5e-006
2577.42,	6.5e-006
2578,	6.4e-006
2578.56,	6.5e-006
2579.14,	6.4e-006
2579.7,	6.4e-006
2580.25,	6.4e-006
2580.81,	6.4e-006
2581.38,	6.4e-006
2581.97,	6.4e-006
2582.5,	6.4e-006
2583.06,	6.4e-006
2583.61,	6.4e-006
2584.19,	6.3e-006
2584.78,	6.3e-006
2585.36,	6.3e-006
2585.94,	6.2e-006
2586.5,	6.3e-006
2587.06,	6.3e-006
2587.61,	6.2e-006
2588.16,	6.1e-006
2588.75,	6.1e-006
2589.33,	6e-006
2589.86,	6.1e-006
2590.41,	6.1e-006
2591,	6.1e-006
2591.55,	6e-006
2592.13,	6e-006
2592.7,	6e-006
2593.3,	6e-006
2593.88,	6e-006
2594.44,	6e-006
2595.01,	6e-006
2595.59,	6e-006
2596.17,	6e-006
2596.75,	6e-006
2597.3,	6e-006
2597.88,	6e-006
2598.45,	6e-006
2599.05,	5.9e-006
2599.64,	5.9e-006
2600.17,	5.9e-006
2600.75,	5.9e-006
2601.34,	5.9e-006
2601.92,	5.9e-006
2602.51,	5.9e-006
2603.06,	5.9e-006
2603.64,	5.9e-006
2604.2,	5.9e-006
2604.8,	5.9e-006
2605.39,	5.9e-006
2605.92,	5.9e-006
2606.5,	5.9e-006
2607.05,	5.9e-006
2607.61,	5.9e-006
2608.19,	5.9e-006
2608.78,	5.9e-006
2609.38,	5.8e-006
2609.92,	6.5e-006
2610.47,	6.4e-006
2611.03,	6e-006
2611.58,	6e-006
2612.16,	6.1e-006
2612.73,	6.1e-006
2613.33,	6e-006
2613.86,	6e-006
2614.44,	6e-006
2614.98,	6e-006
2615.55,	6.1e-006
2616.13,	6e-006
2616.72,	6e-006
2617.3,	6e-006
2617.84,	6e-006
2618.44,	6e-006
2619.01,	5.9e-006
2619.59,	5.9e-006
2620.14,	5.8e-006
2620.7,	5.8e-006
2621.28,	5.8e-006
2621.81,	5.8e-006
2622.39,	5.8e-006
2622.98,	5.7e-006
2623.56,	5.7e-006
2624.16,	5.7e-006
2624.7,	5.7e-006
2625.28,	5.7e-006
2625.84,	5.7e-006
2626.44,	5.7e-006
2626.98,	5.7e-006
2627.53,	5.9e-006
2628.13,	5.8e-006
2628.67,	5.7e-006
2629.25,	5.7e-006
2629.84,	5.7e-006
2630.39,	5.7e-006
2630.95,	5.7e-006
2631.51,	5.7e-006
2632.11,	5.7e-006
2632.67,	5.7e-006
2633.23,	5.7e-006
2633.83,	5.7e-006
2634.39,	5.7e-006
2634.94,	5.6e-006
2635.48,	5.6e-006
2636.08,	5.6e-006
2636.63,	5.6e-006
2637.22,	5.6e-006
2637.8,	5.6e-006
2638.38,	5.6e-006
2638.91,	5.6e-006
2639.45,	5.5e-006
2640.05,	5.5e-006
2640.61,	5.5e-006
2641.17,	5.5e-006
2641.76,	6.2e-006
2642.34,	6e-006
2642.94,	5.7e-006
2643.48,	5.7e-006
2644.06,	5.7e-006
2644.64,	5.7e-006
2645.23,	5.7e-006
2645.81,	5.7e-006
2646.38,	5.7e-006
2646.95,	5.7e-006
2647.53,	5.7e-006
2648.11,	5.7e-006
2648.69,	5.7e-006
2649.25,	5.7e-006
2649.81,	5.6e-006
2650.36,	5.6e-006
2650.92,	5.6e-006
2651.47,	5.6e-006
2652.06,	5.5e-006
2652.66,	5.5e-006
2653.2,	5.5e-006
2653.75,	5.4e-006
2654.28,	5.5e-006
2654.86,	5.4e-006
2655.44,	5.4e-006
2656.01,	5.4e-006
2656.61,	5.4e-006
2657.16,	5.4e-006
2657.75,	5.4e-006
2658.33,	5.4e-006
2658.91,	5.4e-006
2659.48,	5.4e-006
2660.05,	5.4e-006
2660.63,	5.4e-006
2661.2,	5.4e-006
2661.78,	5.4e-006
2662.38,	5.4e-006
2662.92,	5.4e-006
2663.51,	5.4e-006
2664.09,	5.4e-006
2664.67,	5.4e-006
2665.25,	5.4e-006
2665.81,	5.4e-006
2666.38,	5.4e-006
2666.95,	5.4e-006
2667.55,	5.5e-006
2668.09,	5.4e-006
2668.64,	5.4e-006
2669.23,	5.4e-006
2669.8,	6e-006
2670.36,	5.7e-006
2670.89,	5.4e-006
2671.45,	5.4e-006
2672.03,	5.4e-006
2672.61,	5.4e-006
2673.2,	5.4e-006
2673.75,	5.3e-006
2674.33,	5.3e-006
2674.91,	5.3e-006
2675.5,	5.3e-006
2676.01,	5.3e-006
2676.58,	5.3e-006
2677.17,	5.3e-006
2677.72,	5.3e-006
2678.3,	5.3e-006
2678.86,	5.3e-006
2679.41,	5.2e-006
2679.97,	5.3e-006
2680.55,	5.3e-006
2681.13,	5.3e-006
2681.69,	5.3e-006
2682.23,	5.3e-006
2682.8,	5.2e-006
2683.36,	5.3e-006
2683.94,	5.3e-006
2684.51,	5.2e-006
2685.09,	5.2e-006
2685.66,	5.2e-006
2686.23,	5.3e-006
2686.81,	5.2e-006
2687.39,	5.2e-006
2687.97,	5.2e-006
2688.51,	5.2e-006
2689.09,	5.2e-006
2689.69,	5.2e-006
2690.26,	5.2e-006
2690.86,	5.2e-006
2691.39,	5.7e-006
2691.98,	5.8e-006
2692.56,	5.2e-006
2693.16,	5.3e-006
2693.75,	5.2e-006
2694.28,	5.2e-006
2694.84,	5.2e-006
2695.39,	5.2e-006
2695.95,	5.1e-006
2696.53,	5.1e-006
2697.11,	5.1e-006
2697.66,	5.1e-006
2698.22,	5.1e-006
2698.8,	5.1e-006
2699.36,	5.1e-006
2699.94,	5.1e-006
2700.51,	5.1e-006
2701.08,	5.1e-006
2701.67,	5.1e-006
2702.2,	5.1e-006
2702.75,	5.1e-006
2703.3,	5.1e-006
2703.88,	5.1e-006
2704.47,	5.1e-006
2705.05,	5.3e-006
2705.64,	5.1e-006
2706.19,	5.1e-006
2706.76,	5.1e-006
2707.36,	5.1e-006
2707.94,	5.1e-006
2708.51,	5.1e-006
2709.08,	5.1e-006
2709.66,	5.1e-006
2710.23,	5.1e-006
2710.81,	5.1e-006
2711.41,	5.1e-006
2711.95,	5.7e-006
2712.53,	5.3e-006
2713.13,	5.1e-006
2713.7,	5.1e-006
2714.28,	5e-006
2714.84,	5e-006
2715.42,	5e-006
2716,	5e-006
2716.58,	5e-006
2717.16,	5e-006
2717.72,	5e-006
2718.28,	5e-006
2718.83,	5e-006
2719.39,	5e-006
2719.95,	5e-006
2720.5,	5e-006
2721.06,	5e-006
2721.63,	4.9e-006
2722.22,	5e-006
2722.78,	5e-006
2723.34,	4.9e-006
2723.92,	4.9e-006
2724.47,	4.9e-006
2725.01,	5e-006
2725.59,	4.9e-006
2726.19,	4.9e-006
2726.73,	4.9e-006
2727.33,	4.9e-006
2727.91,	4.9e-006
2728.48,	4.9e-006
2729.08,	4.9e-006
2729.63,	4.8e-006
2730.19,	4.7e-006
2730.76,	4.7e-006
2731.3,	4.7e-006
2731.88,	4.7e-006
2732.45,	4.7e-006
2733.03,	4.7e-006
2733.59,	4.7e-006
2734.17,	4.7e-006
2734.73,	4.7e-006
2735.28,	4.7e-006
2735.84,	4.7e-006
2736.42,	4.6e-006
2737,	4.6e-006
2737.56,	4.6e-006
2738.14,	4.6e-006
2738.72,	4.6e-006
2739.31,	4.6e-006
2739.89,	4.6e-006
2740.44,	4.6e-006
2741.03,	4.6e-006
2741.61,	4.6e-006
2742.19,	4.6e-006
2742.78,	4.6e-006
2743.33,	4.6e-006
2743.89,	4.6e-006
2744.47,	4.6e-006
2745.01,	4.6e-006
2745.58,	4.6e-006
2746.16,	4.6e-006
2746.75,	4.6e-006
2747.3,	4.6e-006
2747.89,	4.6e-006
2748.44,	4.6e-006
2749.03,	4.6e-006
2749.63,	4.6e-006
2750.16,	4.6e-006
2750.7,	4.6e-006
2751.26,	4.6e-006
2751.81,	4.6e-006
2752.38,	4.6e-006
2752.91,	4.6e-006
2753.48,	4.6e-006
2754.08,	4.5e-006
2754.67,	4.5e-006
2755.2,	4.5e-006
2755.78,	4.5e-006
2756.38,	4.5e-006
2756.95,	4.5e-006
2757.55,	4.5e-006
2758.09,	4.5e-006
2758.67,	4.5e-006
2759.25,	4.5e-006
2759.83,	4.5e-006
2760.42,	4.5e-006
2760.97,	4.5e-006
2761.56,	4.5e-006
2762.14,	4.5e-006
2762.72,	4.5e-006
2763.3,	4.5e-006
2763.86,	4.5e-006
2764.44,	4.5e-006
2765,	4.5e-006
2765.59,	4.5e-006
2766.13,	4.5e-006
2766.69,	4.5e-006
2767.26,	4.5e-006
2767.83,	4.5e-006
2768.41,	4.5e-006
2768.97,	4.4e-006
2769.51,	4.5e-006
2770.08,	4.4e-006
2770.66,	4.4e-006
2771.23,	4.4e-006
2771.8,	4.4e-006
2772.38,	4.4e-006
2772.95,	4.4e-006
2773.53,	4.4e-006
2774.11,	4.4e-006
2774.66,	4.4e-006
2775.23,	4.4e-006
2775.83,	4.4e-006
2776.41,	4.4e-006
2777,	4.4e-006
2777.55,	4.4e-006
2778.13,	4.4e-006
2778.7,	4.4e-006
2779.28,	4.4e-006
2779.88,	4.4e-006
2780.42,	4.3e-006
2781,	4.4e-006
2781.59,	4.4e-006
2782.17,	4.4e-006
2782.75,	4.3e-006
2783.31,	4.3e-006
2783.89,	4.3e-006
2784.47,	4.3e-006
2785.05,	4.3e-006
2785.63,	4.3e-006
2786.14,	4.3e-006
2786.7,	4.3e-006
2787.25,	4.3e-006
2787.84,	4.3e-006
2788.41,	4.3e-006
2789,	4.3e-006
2789.59,	4.3e-006
2790.14,	4.3e-006
2790.72,	4.3e-006
2791.3,	4.3e-006
2791.89,	4.3e-006
2792.47,	4.3e-006
2793.01,	4.3e-006
2793.61,	4.3e-006
2794.19,	4.3e-006
2794.76,	4.3e-006
2795.34,	4.3e-006
2795.91,	4.3e-006
2796.48,	4.3e-006
2797.05,	4.3e-006
2797.63,	4.3e-006
2798.22,	4.3e-006
2798.76,	4.3e-006
2799.34,	4.3e-006
2799.94,	4.3e-006
2800.51,	4.3e-006
2801.11,	4.3e-006
2801.61,	4.3e-006
2802.19,	4.3e-006
2802.73,	4.3e-006
2803.31,	4.3e-006
2803.89,	4.2e-006
2804.48,	4.2e-006
2805.06,	4.2e-006
2805.61,	4.2e-006
2806.17,	4.2e-006
2806.75,	4.2e-006
2807.31,	4.2e-006
2807.86,	4.2e-006
2808.44,	4.2e-006
2809.01,	4.2e-006
2809.58,	4.2e-006
2810.14,	4.2e-006
2810.73,	4.2e-006
2811.31,	4.2e-006
2811.91,	4.2e-006
2812.44,	4.2e-006
2813.03,	4.2e-006
2813.61,	4.2e-006
2814.2,	4.2e-006
2814.78,	4.2e-006
2815.33,	4.2e-006
2815.91,	4.2e-006
2816.45,	4.2e-006
2817.01,	4.2e-006
2817.59,	4.2e-006
2818.17,	4.2e-006
2818.76,	4.2e-006
2819.33,	4.2e-006
2819.91,	4.2e-006
2820.48,	4.2e-006
2821.06,	4.2e-006
2821.66,	4.2e-006
2822.2,	4.2e-006
2822.78,	4.2e-006
2823.38,	4.2e-006
2823.94,	4.2e-006
2824.48,	4.2e-006
2825.03,	4.2e-006
2825.63,	5.1e-006
2826.17,	4.8e-006
2826.75,	4.4e-006
2827.33,	4.4e-006
2827.92,	4.4e-006
2828.51,	4.4e-006
2829.06,	4.4e-006
2829.64,	4.4e-006
2830.2,	4.4e-006
2830.8,	4.3e-006
2831.39,	4.3e-006
2831.95,	4.3e-006
2832.53,	4.3e-006
2833.11,	4.3e-006
2833.69,	4.3e-006
2834.26,	4.3e-006
2834.83,	4.3e-006
2835.39,	4.3e-006
2835.98,	4.3e-006
2836.56,	4.3e-006
2837.09,	4.3e-006
2837.66,	4.3e-006
2838.23,	4.3e-006
2838.76,	4.3e-006
2839.34,	4.3e-006
2839.94,	4.3e-006
2840.51,	4.3e-006
2841.05,	4.3e-006
2841.59,	4.3e-006
2842.19,	4.3e-006
2842.73,	4.3e-006
2843.3,	5e-006
2843.88,	4.8e-006
2844.42,	4.2e-006
2844.98,	4.3e-006
2845.56,	4.3e-006
2846.14,	4.3e-006
2846.7,	4.3e-006
2847.28,	4.3e-006
2847.84,	4.3e-006
2848.44,	4.3e-006
2848.97,	4.2e-006
2849.53,	4.3e-006
2850.09,	4.3e-006
2850.64,	4.2e-006
2851.23,	4.2e-006
2851.81,	4.2e-006
2852.39,	4.2e-006
2852.98,	4.2e-006
2853.53,	4.2e-006
2854.11,	4.2e-006
2854.69,	4.2e-006
2855.26,	4.2e-006
2855.86,	4.2e-006
2856.42,	4.2e-006
2856.98,	4.2e-006
2857.58,	4.2e-006
2858.16,	4.2e-006
2858.75,	4.2e-006
2859.3,	4.9e-006
2859.88,	4.4e-006
2860.47,	4.2e-006
2861.05,	4.2e-006
2861.64,	4.2e-006
2862.19,	4.2e-006
2862.76,	4.2e-006
2863.36,	4.2e-006
2863.94,	4.2e-006
2864.53,	4.2e-006
2865.09,	4.2e-006
2865.66,	4.2e-006
2866.23,	4.2e-006
2866.81,	4.1e-006
2867.41,	4.1e-006
2867.95,	4.1e-006
2868.53,	4.1e-006
2869.13,	4.1e-006
2869.7,	4.1e-006
2870.3,	4.1e-006
2870.83,	4.1e-006
2871.42,	4e-006
2871.98,	4e-006
2872.58,	3.9e-006
2873.19,	3.9e-006
2873.72,	3.9e-006
2874.31,	3.9e-006
2874.89,	3.9e-006
2875.47,	3.9e-006
2876.06,	3.9e-006
2876.61,	3.9e-006
2877.2,	3.9e-006
2877.75,	3.9e-006
2878.34,	3.9e-006
2878.92,	3.9e-006
2879.47,	3.9e-006
2880.03,	3.9e-006
2880.58,	3.9e-006
2881.16,	3.9e-006
2881.75,	3.9e-006
2882.33,	3.9e-006
2882.91,	3.9e-006
2883.47,	3.9e-006
2884.05,	3.9e-006
2884.63,	3.9e-006
2885.2,	3.9e-006
2885.78,	3.9e-006
2886.34,	3.9e-006
2886.91,	3.9e-006
2887.45,	3.9e-006
2888.01,	3.9e-006
2888.59,	3.9e-006
2889.17,	3.9e-006
2889.76,	3.9e-006
2890.31,	3.8e-006
2890.91,	3.8e-006
2891.48,	3.8e-006
2892.06,	3.8e-006
2892.66,	3.8e-006
2893.2,	3.8e-006
2893.78,	3.8e-006
2894.36,	3.8e-006
2894.89,	3.8e-006
2895.45,	3.8e-006
2896.03,	3.8e-006
2896.61,	3.8e-006
2897.14,	3.8e-006
2897.7,	3.8e-006
2898.25,	3.8e-006
2898.83,	3.8e-006
2899.41,	3.8e-006
2900,	3.8e-006
2900.56,	3.8e-006
2901.11,	3.8e-006
2901.67,	3.8e-006
2902.22,	3.8e-006
2902.8,	3.8e-006
2903.38,	3.8e-006
2903.97,	3.8e-006
2904.55,	3.8e-006
2905.11,	3.8e-006
2905.69,	3.8e-006
2906.26,	3.8e-006
2906.84,	3.8e-006
2907.44,	3.8e-006
2907.98,	3.8e-006
2908.56,	3.8e-006
2909.16,	3.8e-006
2909.73,	3.8e-006
2910.31,	3.7e-006
2910.88,	3.8e-006
2911.45,	3.8e-006
2912.01,	3.8e-006
2912.61,	3.8e-006
2913.19,	3.8e-006
2913.73,	3.8e-006
2914.31,	3.8e-006
2914.88,	3.8e-006
2915.42,	3.8e-006
2916,	3.8e-006
2916.59,	3.8e-006
2917.19,	3.8e-006
2917.73,	3.8e-006
2918.31,	3.8e-006
2918.89,	3.8e-006
2919.48,	3.8e-006
2920.06,	3.8e-006
2920.61,	3.7e-006
2921.19,	3.7e-006
2921.78,	3.8e-006
2922.36,	3.8e-006
2922.95,	3.7e-006
2923.5,	3.7e-006
2924.08,	3.7e-006
2924.66,	3.7e-006
2925.23,	3.7e-006
2925.83,	3.7e-006
2926.39,	3.8e-006
2926.97,	3.8e-006
2927.55,	3.7e-006
2928.13,	3.7e-006
2928.7,	3.8e-006
2929.26,	3.7e-006
2929.83,	3.7e-006
2930.41,	3.7e-006
2931,	3.7e-006
2931.58,	3.7e-006
2932.13,	3.7e-006
2932.69,	3.7e-006
2933.23,	3.7e-006
2933.81,	3.7e-006
2934.38,	3.7e-006
2934.97,	3.7e-006
2935.5,	3.7e-006
2936.06,	3.7e-006
2936.64,	3.7e-006
2937.2,	3.7e-006
2937.78,	3.7e-006
2938.36,	3.7e-006
2938.94,	3.7e-006
2939.45,	3.7e-006
2940.01,	3.7e-006
2940.59,	3.7e-006
2941.14,	3.7e-006
2941.7,	3.7e-006
2942.25,	3.7e-006
2942.81,	3.7e-006
2943.39,	3.7e-006
2943.97,	3.7e-006
2944.56,	3.7e-006
2945.11,	3.7e-006
2945.69,	3.7e-006
2946.28,	3.7e-006
2946.86,	3.7e-006
2947.45,	3.7e-006
2947.97,	3.7e-006
2948.53,	3.7e-006
2949.08,	3.7e-006
2949.66,	3.7e-006
2950.25,	3.7e-006
2950.83,	3.7e-006
2951.42,	3.7e-006
2951.97,	3.7e-006
2952.55,	3.7e-006
2953.13,	3.7e-006
2953.7,	3.7e-006
2954.3,	3.7e-006
2954.84,	3.7e-006
2955.42,	3.7e-006
2956.01,	3.7e-006
2956.59,	3.7e-006
2957.17,	3.7e-006
2957.73,	3.7e-006
2958.31,	3.7e-006
2958.89,	3.6e-006
2959.47,	3.6e-006
2960.05,	3.6e-006
2960.59,	3.6e-006
2961.17,	3.6e-006
2961.72,	3.6e-006
2962.28,	3.6e-006
2962.86,	3.6e-006
2963.44,	3.6e-006
2964.05,	3.6e-006
2964.58,	3.6e-006
2965.17,	3.6e-006
2965.75,	3.6e-006
2966.33,	3.6e-006
2966.92,	3.6e-006
2967.47,	3.6e-006
2968.03,	3.6e-006
2968.61,	3.6e-006
2969.14,	3.6e-006
2969.72,	3.6e-006
2970.3,	3.6e-006
2970.88,	3.6e-006
2971.44,	3.6e-006
2972.01,	3.6e-006
2972.59,	3.6e-006
2973.19,	3.6e-006
2973.76,	3.6e-006
2974.33,	3.4e-006
2974.91,	3.4e-006
2975.48,	3.4e-006
2976.06,	3.4e-006
2976.64,	3.5e-006
2977.19,	3.5e-006
2977.76,	3.5e-006
2978.36,	3.5e-006
2978.94,	3.5e-006
2979.53,	3.5e-006
2980.06,	3.5e-006
2980.66,	3.5e-006
2981.23,	3.5e-006
2981.81,	3.5e-006
2982.41,	3.5e-006
2982.95,	3.5e-006
2983.53,	3.5e-006
2984.11,	3.5e-006
2984.7,	3.5e-006
2985.28,	3.5e-006
2985.83,	3.5e-006
2986.42,	3.5e-006
2987,	3.5e-006
2987.58,	3.5e-006
2988.16,	3.5e-006
2988.72,	3.5e-006
2989.3,	3.4e-006
2989.86,	3.4e-006
2990.45,	3.4e-006
2991.03,	3.4e-006
2991.58,	3.4e-006
2992.17,	3.4e-006
2992.76,	3.4e-006
2993.34,	3.4e-006
2993.94,	3.4e-006
2994.5,	3.4e-006
2995.08,	3.4e-006
2995.66,	3.4e-006
2996.23,	3.4e-006
2996.81,	3.4e-006
2997.38,	3.4e-006
2997.95,	3.4e-006
2998.51,	3.4e-006
2999.06,	3.4e-006
2999.63,	3.4e-006
3000.19,	3.4e-006
3000.78,	3.4e-006
3001.31,	3.4e-006
3001.91,	3.4e-006
3002.48,	3.5e-006
3003.06,	3.5e-006
3003.66,	3.5e-006
3004.2,	3.5e-006
3004.78,	3.4e-006
3005.36,	3.4e-006
3005.95,	3.4e-006
3006.53,	3.4e-006
3007.09,	3.4e-006
3007.67,	3.4e-006
3008.25,	3.4e-006
3008.83,	3.4e-006
3009.41,	3.4e-006
3009.95,	3.4e-006
3010.53,	3.4e-006
3011.11,	3.4e-006
3011.64,	3.4e-006
3012.2,	3.4e-006
3012.78,	3.4e-006
3013.33,	3.4e-006
3013.89,	3.4e-006
3014.47,	3.4e-006
3015.03,	3.4e-006
3015.61,	3.5e-006
3016.17,	3.5e-006
3016.72,	3.5e-006
3017.26,	3.5e-006
3017.86,	3.4e-006
3018.45,	3.4e-006
3019,	3.4e-006
3019.59,	3.4e-006
3020.16,	3.4e-006
3020.7,	3.4e-006
3021.26,	3.4e-006
3021.83,	3.4e-006
3022.38,	3.4e-006
3022.94,	3.4e-006
3023.51,	3.4e-006
3024.08,	3.4e-006
3024.66,	3.4e-006
3025.23,	3.4e-006
3025.81,	3.4e-006
3026.41,	3.4e-006
3026.95,	3.4e-006
3027.53,	3.4e-006
3028.11,	3.5e-006
3028.7,	3.5e-006
3029.28,	3.4e-006
3029.84,	3.4e-006
3030.42,	3.4e-006
3031,	3.4e-006
3031.58,	3.4e-006
3032.16,	3.4e-006
3032.72,	3.4e-006
3033.28,	3.4e-006
3033.86,	3.4e-006
3034.45,	3.4e-006
3035.05,	3.4e-006
3035.58,	3.4e-006
3036.14,	3.4e-006
3036.69,	3.4e-006
3037.25,	3.4e-006
3037.83,	3.4e-006
3038.42,	3.4e-006
3038.95,	3.4e-006
3039.51,	3.4e-006
3040.09,	3.4e-006
3040.63,	3.5e-006
3041.19,	3.4e-006
3041.73,	3.4e-006
3042.33,	3.5e-006
3042.88,	3.5e-006
3043.47,	3.5e-006
3044.01,	3.5e-006
3044.58,	3.5e-006
3045.16,	3.5e-006
3045.7,	3.5e-006
3046.3,	3.5e-006
3046.88,	3.5e-006
3047.45,	3.5e-006
3048.03,	3.5e-006
3048.59,	3.5e-006
3049.17,	3.5e-006
3049.75,	3.5e-006
3050.33,	3.5e-006
3050.91,	3.5e-006
3051.45,	3.5e-006
3052.03,	3.5e-006
3052.58,	3.5e-006
3053.14,	3.5e-006
3053.72,	3.5e-006
3054.3,	3.5e-006
3054.88,	3.5e-006
3055.42,	3.5e-006
3056,	3.5e-006
3056.55,	3.5e-006
3057.11,	3.5e-006
3057.69,	3.5e-006
3058.26,	3.5e-006
3058.86,	3.5e-006
3059.42,	3.5e-006
3060,	3.5e-006
3060.58,	3.5e-006
3061.16,	3.5e-006
3061.73,	3.5e-006
3062.3,	3.5e-006
3062.88,	3.6e-006
3063.45,	3.6e-006
3064.05,	3.5e-006
3064.63,	3.6e-006
3065.19,	3.6e-006
3065.76,	3.6e-006
3066.34,	3.6e-006
3066.92,	3.6e-006
3067.5,	3.6e-006
3068.05,	3.6e-006
3068.63,	3.6e-006
3069.17,	3.6e-006
3069.73,	3.6e-006
3070.3,	3.6e-006
3070.88,	3.6e-006
3071.47,	3.6e-006
3072.01,	3.6e-006
3072.59,	3.6e-006
3073.17,	3.6e-006
3073.75,	3.6e-006
3074.36,	3.6e-006
3074.89,	3.6e-006
3075.48,	3.6e-006
3076.08,	3.6e-006
3076.66,	3.6e-006
3077.23,	3.6e-006
3077.78,	3.6e-006
3078.36,	3.6e-006
3078.94,	3.6e-006
3079.53,	3.6e-006
3080.13,	3.6e-006
3080.66,	3.6e-006
3081.25,	3.6e-006
3081.83,	3.6e-006
3082.41,	3.6e-006
3083,	3.6e-006
3083.55,	3.6e-006
3084.13,	3.6e-006
3084.69,	3.6e-006
3085.28,	3.6e-006
3085.88,	3.6e-006
3086.44,	3.6e-006
3087.01,	3.6e-006
3087.59,	3.6e-006
3088.17,	3.6e-006
3088.75,	3.6e-006
3089.28,	3.6e-006
3089.88,	3.6e-006
3090.47,	3.6e-006
3091.05,	3.6e-006
3091.64,	3.6e-006
3092.17,	3.6e-006
3092.76,	3.6e-006
3093.34,	3.6e-006
3093.92,	3.6e-006
3094.51,	3.6e-006
3095.06,	3.6e-006
3095.61,	3.6e-006
3096.17,	3.6e-006
3096.72,	3.6e-006
3097.31,	3.6e-006
3097.88,	3.6e-006
3098.47,	3.6e-006
3099,	3.6e-006
3099.56,	3.6e-006
3100.11,	3.6e-006
3100.7,	3.6e-006
3101.28,	3.6e-006
3101.88,	3.6e-006
3102.45,	3.6e-006
3103,	3.6e-006
3103.58,	3.6e-006
3104.16,	3.6e-006
3104.75,	3.6e-006
3105.34,	3.6e-006
3105.88,	3.6e-006
3106.47,	3.6e-006
3107.05,	3.6e-006
3107.63,	3.6e-006
3108.22,	3.6e-006
3108.76,	3.6e-006
3109.33,	3.6e-006
3109.91,	3.6e-006
3110.42,	3.6e-006
3111.01,	3.6e-006
3111.59,	3.6e-006
3112.17,	3.6e-006
3112.73,	3.6e-006
3113.31,	3.6e-006
3113.88,	3.6e-006
3114.47,	3.6e-006
3115.06,	3.6e-006
3115.59,	3.6e-006
3116.17,	3.6e-006
3116.76,	3.6e-006
3117.34,	3.6e-006
3117.94,	3.6e-006
3118.47,	3.6e-006
3119.06,	3.6e-006
3119.64,	3.6e-006
3120.23,	3.6e-006
3120.83,	3.6e-006
3121.36,	3.6e-006
3121.95,	3.7e-006
3122.51,	3.6e-006
3123.11,	3.6e-006
3123.7,	3.6e-006
3124.25,	3.7e-006
3124.83,	3.6e-006
3125.41,	3.7e-006
3126,	3.7e-006
3126.58,	3.7e-006
3127.14,	3.7e-006
3127.72,	3.7e-006
3128.3,	3.7e-006
3128.88,	3.7e-006
3129.45,	3.7e-006
3129.98,	3.7e-006
3130.55,	3.7e-006
3131.09,	3.7e-006
3131.66,	3.7e-006
3132.23,	3.7e-006
3132.83,	3.7e-006
3133.42,	3.7e-006
3133.95,	3.7e-006
3134.55,	3.7e-006
3135.13,	3.7e-006
3135.7,	3.7e-006
3136.23,	3.7e-006
3136.8,	3.7e-006
3137.38,	3.7e-006
3137.94,	3.7e-006
3138.48,	3.7e-006
3139.06,	3.7e-006
3139.66,	3.7e-006
3140.25,	3.7e-006
3140.78,	3.8e-006
3141.34,	3.8e-006
3141.89,	3.8e-006
3142.48,	3.9e-006
3143.03,	4e-006
3143.58,	4.1e-006
3144.14,	4.4e-006
3144.72,	5.2e-006
3145.3,	5.8e-006
3145.86,	6.1e-006
3146.44,	6.3e-006
3147,	6.5e-006
3147.55,	6.6e-006
3148.11,	6.7e-006
3148.67,	7.3e-006
3149.22,	6.9e-006
3149.78,	7e-006
3150.36,	7.1e-006
3150.91,	7.1e-006
3151.48,	7.2e-006
3152.08,	7.2e-006
3152.66,	7.2e-006
3153.23,	7.3e-006
3153.8,	7.3e-006
3154.38,	7.2e-006
3154.95,	7.3e-006
3155.55,	7.5e-006
3156.13,	8.1e-006
3156.69,	8.3e-006
3157.25,	8.4e-006
3157.84,	8.5e-006
3158.42,	8.5e-006
3159,	8.5e-006
3159.56,	8.6e-006
3160.13,	8.6e-006
3160.7,	8.6e-006
3161.3,	8.6e-006
3161.89,	8.6e-006
3162.42,	8.7e-006
3163,	8.7e-006
3163.59,	8.7e-006
3164.17,	8.7e-006
3164.76,	8.6e-006
3165.31,	8.7e-006
3165.89,	8.7e-006
3166.47,	8.7e-006
3167.05,	8.7e-006
3167.64,	8.7e-006
3168.19,	8.7e-006
3168.78,	8.7e-006
3169.36,	8.7e-006
3169.94,	8.7e-006
3170.51,	8.7e-006
3171.08,	8.7e-006
3171.64,	8.7e-006
3172.22,	8.7e-006
3172.81,	8.7e-006
3173.34,	8.7e-006
3173.89,	8.7e-006
3174.48,	8.7e-006
3175.01,	8.7e-006
3175.59,	8.7e-006
3176.19,	8.7e-006
3176.76,	8.7e-006
3177.36,	8.7e-006
3177.91,	8.7e-006
3178.48,	8.7e-006
3179.05,	8.7e-006
3179.64,	8.7e-006
3180.17,	8.7e-006
3180.73,	8.7e-006
3181.31,	8.7e-006
3181.88,	8.7e-006
3182.42,	8.7e-006
3182.98,	8.7e-006
3183.53,	8.7e-006
3184.09,	8.7e-006
3184.69,	8.7e-006
3185.28,	8.7e-006
3185.81,	8.6e-006
3186.39,	8.6e-006
3186.98,	8.6e-006
3187.56,	8.6e-006
3188.16,	8.6e-006
3188.72,	8.6e-006
3189.28,	8.6e-006
3189.86,	8.6e-006
3190.44,	8.6e-006
3191.03,	8.6e-006
3191.58,	8.6e-006
3192.16,	8.6e-006
3192.75,	8.6e-006
3193.33,	8.6e-006
3193.86,	8.6e-006
3194.42,	8.6e-006
3195,	8.6e-006
3195.56,	8.6e-006
3196.13,	8.6e-006
3196.72,	8.6e-006
3197.3,	8.6e-006
3197.89,	8.6e-006
3198.44,	8.6e-006
3199.01,	8.6e-006
3199.61,	8.6e-006
3200.19,	8.6e-006
3200.78,	8.6e-006
3201.31,	8.6e-006
3201.91,	8.6e-006
3202.48,	8.6e-006
3203.08,	8.6e-006
3203.67,	8.6e-006
3204.2,	8.6e-006
3204.78,	8.6e-006
3205.38,	8.6e-006
3205.95,	8.6e-006
3206.55,	8.6e-006
3207.08,	8.6e-006
3207.67,	8.6e-006
3208.25,	8.6e-006
3208.83,	8.6e-006
3209.42,	8.6e-006
3209.97,	8.6e-006
3210.56,	8.6e-006
3211.14,	8.6e-006
3211.72,	8.6e-006
3212.3,	8.6e-006
3212.86,	8.6e-006
3213.42,	8.6e-006
3214.01,	8.6e-006
3214.59,	8.6e-006
3215.17,	8.6e-006
3215.72,	8.6e-006
3216.3,	8.6e-006
3216.88,	8.6e-006
3217.47,	8.5e-006
3218.06,	8.5e-006
3218.61,	8.5e-006
3219.19,	8.5e-006
3219.76,	8.5e-006
3220.34,	8.5e-006
3220.94,	8.5e-006
3221.5,	8.5e-006
3222.05,	8.5e-006
3222.63,	8.5e-006
3223.22,	8.5e-006
3223.81,	8.5e-006
3224.34,	8.5e-006
3224.91,	8.5e-006
3225.45,	8.5e-006
3226.05,	8.5e-006
3226.59,	8.6e-006
3227.19,	8.7e-006
3227.73,	8.8e-006
3228.3,	9e-006
3228.88,	9.4e-006
3229.42,	9.7e-006
3230.01,	1e-005
3230.59,	1e-005
3231.17,	1.1e-005
3231.75,	1.1e-005
3232.31,	1.1e-005
3232.89,	1.2e-005
3233.47,	1.2e-005
3234.05,	1.2e-005
3234.64,	1.2e-005
3235.2,	1.3e-005
3235.76,	1.3e-005
3236.36,	1.3e-005
3236.94,	1.3e-005
3237.53,	1.3e-005
3238.08,	1.3e-005
3238.66,	1.3e-005
3239.22,	1.4e-005
3239.81,	1.4e-005
3240.39,	1.4e-005
3240.94,	1.5e-005
3241.5,	1.5e-005
3242.05,	1.5e-005
3242.64,	1.6e-005
3243.2,	1.6e-005
3243.8,	1.6e-005
3244.38,	1.6e-005
3244.94,	1.7e-005
3245.51,	1.7e-005
3246.09,	1.7e-005
3246.67,	1.7e-005
3247.26,	1.7e-005
3247.81,	1.7e-005
3248.41,	1.7e-005
3248.98,	1.7e-005
3249.56,	1.8e-005
3250.14,	1.8e-005
3250.7,	1.9e-005
3251.28,	1.9e-005
3251.86,	1.9e-005
3252.42,	2e-005
3252.98,	2e-005
3253.56,	2e-005
3254.14,	2e-005
3254.7,	2e-005
3255.28,	2e-005
3255.86,	2e-005
3256.44,	2.1e-005
3257.03,	2.1e-005
3257.58,	2.2e-005
3258.16,	2.2e-005
3258.75,	2.2e-005
3259.33,	2.3e-005
3259.92,	2.3e-005
3260.47,	2.3e-005
3261.05,	2.3e-005
3261.64,	2.3e-005
3262.22,	2.4e-005
3262.8,	2.4e-005
3263.33,	2.4e-005
3263.89,	2.4e-005
3264.44,	2.4e-005
3265.01,	2.5e-005
3265.59,	2.5e-005
3266.19,	2.6e-005
3266.73,	2.6e-005
3267.3,	2.6e-005
3267.88,	2.7e-005
3268.44,	2.7e-005
3269,	2.7e-005
3269.59,	2.7e-005
3270.17,	2.7e-005
3270.76,	2.7e-005
3271.33,	2.7e-005
3271.89,	2.7e-005
3272.48,	2.7e-005
3273.08,	2.7e-005
3273.67,	2.7e-005
3274.23,	2.7e-005
3274.81,	2.7e-005
3275.39,	2.7e-005
3275.97,	2.8e-005
3276.56,	2.9e-005
3277.13,	2.9e-005
3277.67,	3e-005
3278.23,	3e-005
3278.78,	3.1e-005
3279.36,	3.1e-005
3279.94,	3.1e-005
3280.53,	3.1e-005
3281.08,	3.2e-005
3281.67,	3.2e-005
3282.25,	3.2e-005
3282.84,	3.2e-005
3283.42,	3.2e-005
3283.97,	3.2e-005
3284.55,	3.2e-005
3285.09,	3.3e-005
3285.66,	3.3e-005
3286.23,	3.4e-005
3286.83,	3.5e-005
3287.41,	3.5e-005
3287.97,	3.6e-005
3288.55,	3.6e-005
3289.13,	3.6e-005
3289.7,	3.6e-005
3290.28,	3.6e-005
3290.83,	3.6e-005
3291.39,	3.7e-005
3291.95,	3.7e-005
3292.51,	3.7e-005
3293.06,	3.7e-005
3293.66,	3.7e-005
3294.23,	3.7e-005
3294.78,	3.7e-005
3295.38,	3.8e-005
3295.95,	3.8e-005
3296.53,	3.9e-005
3297.06,	3.9e-005
3297.63,	3.9e-005
3298.2,	3.9e-005
3298.76,	4e-005
3299.33,	4e-005
3299.92,	4e-005
3300.5,	4e-005
3301.08,	4e-005
3301.64,	4e-005
3302.22,	4e-005
3302.8,	4e-005
3303.39,	4e-005
3303.98,	4e-005
3304.51,	4e-005
3305.11,	4e-005
3305.69,	4e-005
3306.26,	4e-005
3306.86,	4e-005
3307.41,	4e-005
3307.98,	4e-005
3308.55,	4e-005
3309.11,	4.1e-005
3309.69,	4.1e-005
3310.26,	4.2e-005
3310.84,	4.2e-005
3311.41,	4.3e-005
3311.98,	4.3e-005
3312.56,	4.3e-005
3313.16,	4.3e-005
3313.75,	4.3e-005
3314.28,	4.3e-005
3314.88,	4.3e-005
3315.45,	4.3e-005
3316.03,	4.3e-005
3316.63,	4.3e-005
3317.17,	4.3e-005
3317.76,	4.3e-005
3318.33,	4.3e-005
3318.88,	4.3e-005
3319.42,	4.3e-005
3320,	4.3e-005
3320.59,	4.3e-005
3321.14,	4.3e-005
3321.72,	4.3e-005
3322.31,	4.3e-005
3322.89,	4.3e-005
3324.78,	4.3e-005
3324.8,	4.3e-005
3324.81,	4.3e-005
3325.19,	4.3e-005
3325.78,	4.3e-005
3327.76,	4.3e-005
3327.78,	4.3e-005
3327.8,	4.3e-005
3328.08,	4.3e-005
3328.67,	4.3e-005
3329.25,	4.3e-005
3329.8,	4.3e-005
3330.38,	4.3e-005
3330.97,	4.3e-005
3331.55,	4.3e-005
3332.14,	4.2e-005
3332.7,	4.2e-005
3333.26,	4.2e-005
3333.83,	4.2e-005
3338.73,	4.1e-005
3338.75,	4.1e-005
3338.76,	4.1e-005
3338.78,	4.1e-005
3338.8,	4.1e-005
3338.81,	4e-005
3338.83,	4e-005
3338.84,	4e-005
3338.92,	4e-005
3339.51,	4e-005
3340.11,	3.9e-005
3340.67,	3.9e-005
3341.22,	3.9e-005
3341.78,	3.9e-005
3342.34,	3.9e-005
3342.92,	3.8e-005
3343.5,	3.8e-005
3344.08,	3.8e-005
3344.64,	3.8e-005
3345.22,	3.8e-005
3345.81,	3.7e-005
3346.39,	3.7e-005
3346.97,	3.7e-005
3347.51,	3.7e-005
3348.11,	3.7e-005
3348.69,	3.6e-005
3349.26,	3.6e-005
3349.86,	3.6e-005
3350.41,	3.6e-005
3351,	3.6e-005
3351.55,	3.6e-005
3352.11,	3.5e-005
3352.66,	3.5e-005
3353.23,	3.5e-005
3353.83,	3.5e-005
3354.39,	3.5e-005
3354.97,	3.5e-005
3355.83,	3.4e-005
3356.13,	3.4e-005
3356.72,	3.4e-005
3357.26,	3.4e-005
3357.84,	3.4e-005
3358.44,	3.4e-005
3359.01,	3.3e-005
3359.59,	3.3e-005
3360.16,	3.3e-005
3360.73,	3.3e-005
3361.31,	3.3e-005
3361.89,	3.3e-005
3362.47,	3.2e-005
3363.03,	3.2e-005
3363.59,	3.2e-005
3364.19,	3.2e-005
3364.78,	3.2e-005
3365.38,	3.2e-005
3365.92,	3.1e-005
3366.5,	3.1e-005
3367.09,	3.2e-005
3367.67,	3.1e-005
3368.26,	3.1e-005
3368.83,	3.1e-005
3369.39,	3.1e-005
3369.98,	3.1e-005
3370.56,	3e-005
3371.14,	3e-005
3371.69,	3e-005
3372.28,	3e-005
3372.86,	3e-005
3373.44,	3e-005
3374.03,	2.9e-005
3374.58,	2.9e-005
3375.16,	2.9e-005
3375.75,	2.9e-005
3376.33,	2.9e-005
3376.92,	2.9e-005
3377.45,	2.9e-005
3378.05,	2.9e-005
3378.63,	2.8e-005
3379.22,	2.8e-005
3379.8,	2.8e-005
3380.34,	2.8e-005
3380.94,	2.8e-005
3381.5,	2.8e-005
3382.05,	2.8e-005
3382.59,	2.8e-005
3383.17,	2.7e-005
3383.76,	2.7e-005
3384.31,	2.7e-005
3384.89,	2.7e-005
3385.48,	2.7e-005
3386.05,	2.7e-005
3386.63,	2.7e-005
3387.17,	2.7e-005
3387.73,	2.6e-005
3388.28,	2.6e-005
3388.88,	2.6e-005
3389.44,	2.6e-005
3390.03,	2.6e-005
3390.61,	2.6e-005
3391.17,	2.6e-005
3391.75,	2.6e-005
3392.33,	2.6e-005
3392.92,	2.5e-005
3393.5,	2.5e-005
3394.05,	2.5e-005
3394.64,	2.5e-005
3395.22,	2.5e-005
3395.8,	2.5e-005
3396.38,	2.5e-005
3396.94,	2.5e-005
3397.53,	2.5e-005
3398.09,	2.4e-005
3398.69,	2.4e-005
3399.28,	2.4e-005
3399.84,	2.4e-005
3400.41,	2.4e-005
3400.98,	2.4e-005
3401.56,	2.4e-005
3402.16,	2.4e-005
3402.72,	2.4e-005
3403.3,	2.4e-005
3403.88,	2.3e-005
3404.45,	2.3e-005
3405.03,	2.3e-005
3405.59,	2.3e-005
3406.17,	2.3e-005
3406.73,	2.3e-005
3407.28,	2.3e-005
3407.84,	2.3e-005
3408.42,	2.3e-005
3409.01,	2.3e-005
3409.56,	2.3e-005
3410.14,	2.2e-005
3410.72,	2.2e-005
3411.3,	2.2e-005
3411.89,	2.2e-005
3412.45,	2.2e-005
3413.03,	2.2e-005
3413.61,	2.2e-005
3414.19,	2.2e-005
3414.76,	2.2e-005
3415.33,	2.2e-005
3415.89,	2.2e-005
3416.47,	2.1e-005
3417.06,	2.1e-005
3417.61,	2.1e-005
3418.17,	2.1e-005
3418.75,	2.1e-005
3419.31,	2.1e-005
3419.88,	2.1e-005
3420.47,	2.1e-005
3421.05,	2.1e-005
3421.63,	2.1e-005
3422.19,	2.1e-005
3422.76,	2.1e-005
3423.34,	2e-005
3423.94,	2e-005
3424.51,	2e-005
3425.08,	2e-005
3425.66,	2e-005
3426.23,	2e-005
3426.81,	2e-005
3427.41,	2e-005
3427.95,	2e-005
3428.55,	2e-005
3429.14,	2e-005
3429.72,	2e-005
3430.3,	2e-005
3430.84,	1.9e-005
3431.42,	1.9e-005
3432.01,	1.9e-005
3432.59,	1.9e-005
3433.17,	1.9e-005
3433.72,	1.9e-005
3434.31,	1.9e-005
3434.89,	1.9e-005
3435.47,	1.9e-005
3436.06,	1.9e-005
3436.61,	1.9e-005
3437.17,	1.9e-005
3437.72,	1.9e-005
3438.28,	1.9e-005
3438.86,	1.9e-005
3439.45,	1.8e-005
3440.05,	1.8e-005
3440.61,	1.8e-005
3441.19,	1.8e-005
3441.76,	1.8e-005
3442.34,	1.8e-005
3442.94,	1.8e-005
3443.5,	1.8e-005
3444.08,	1.8e-005
3444.66,	1.8e-005
3445.23,	1.8e-005
3445.83,	1.8e-005
3446.38,	1.8e-005
3446.97,	1.8e-005
3447.55,	1.8e-005
3448.13,	1.7e-005
3448.72,	1.7e-005
3449.26,	1.7e-005
3449.84,	1.7e-005
3450.42,	1.7e-005
3451,	1.7e-005
3451.59,	1.7e-005
3452.13,	1.7e-005
3452.7,	1.7e-005
3453.3,	1.7e-005
3453.89,	1.7e-005
3454.47,	1.7e-005
3455.03,	1.7e-005
3455.61,	1.7e-005
3456.17,	1.7e-005
3456.76,	1.7e-005
3457.34,	1.7e-005
3457.89,	1.6e-005
3458.47,	1.6e-005
3459.05,	1.6e-005
3459.64,	1.6e-005
3460.17,	1.6e-005
3460.72,	1.6e-005
3461.31,	1.6e-005
3461.86,	1.6e-005
3462.44,	1.6e-005
3463.01,	1.6e-005
3463.61,	1.6e-005
3464.19,	1.6e-005
3464.72,	1.6e-005
3465.3,	1.6e-005
3465.84,	1.6e-005
3466.41,	1.6e-005
3466.98,	1.6e-005
3467.56,	1.6e-005
3468.16,	1.6e-005
3468.7,	1.6e-005
3469.3,	1.5e-005
3469.86,	1.5e-005
3470.45,	1.5e-005
3471.03,	1.5e-005
3471.59,	1.5e-005
3472.16,	1.5e-005
3472.73,	1.5e-005
3473.33,	1.5e-005
3473.86,	1.5e-005
3474.42,	1.5e-005
3475,	1.5e-005
3475.53,	1.5e-005
3476.11,	1.5e-005
3476.7,	1.5e-005
3477.28,	1.5e-005
3477.88,	1.5e-005
3478.42,	1.5e-005
3479,	1.5e-005
3479.56,	1.5e-005
3480.16,	1.5e-005
3480.73,	1.5e-005
3481.28,	1.5e-005
3481.86,	1.4e-005
3482.41,	1.4e-005
3482.97,	1.4e-005
3483.55,	1.4e-005
3484.13,	1.4e-005
3484.72,	1.4e-005
3485.28,	1.4e-005
3485.86,	1.4e-005
3486.44,	1.4e-005
3487.01,	1.4e-005
3487.59,	1.4e-005
3488.16,	1.4e-005
3488.73,	1.4e-005
3489.3,	1.4e-005
