690.328,	729.184
690.844,	729.116
691.359,	729.218
691.875,	729.15
692.406,	729.184
692.922,	729.041
693.453,	729.109
693.969,	729.143
694.469,	729.075
695,	729.041
695.531,	729.011
696.063,	729.08
696.578,	729.045
697.109,	729.08
697.672,	729.08
698.188,	729.051
698.734,	729.016
699.266,	729.016
699.844,	617.058
700.375,	495.151
700.906,	400.046
701.469,	321.938
702.016,	262.146
702.516,	216.85
703.078,	174.732
703.641,	141.161
704.172,	115.419
704.734,	92.817
705.297,	74.543
705.797,	61.467
706.344,	50.074
706.875,	40.668
707.391,	32.834
707.922,	26.636
708.422,	21.954
708.922,	17.957
709.422,	14.66
709.969,	11.79
710.484,	9.651
711.031,	7.727
711.609,	6.036
712.109,	4.946
712.656,	3.784
713.188,	3.089
713.719,	2.453
714.266,	1.913
714.781,	1.367
715.328,	1.122
715.875,	0.807
716.391,	0.486
716.938,	0.373
717.484,	0.188
718.031,	0.029
2600.09,	0.01
2614.09,	0.007
2625.33,	0.136
2631.72,	0.06
2636.61,	0.05
2637.69,	0.023
2681.08,	0.01
2731.33,	0
2762.42,	0.003
2770.45,	0.013
2827.33,	0.026
2828.03,	0
2889.47,	0.007
2901.75,	0.003
2946.02,	0.013
2952.05,	0.017
2958.5,	0.027
2962.84,	0.007
2971.41,	0.02
2976.88,	0.076
2977.94,	0.007
2979.55,	0.017
2980.09,	0.013
2985.94,	0.063
2991.3,	0.05
2991.83,	0.04
3000.38,	0.03
3001.44,	0.007
3023.52,	0.066
3024.58,	0.023
3026.77,	0.013
3027.31,	0.003
3030.03,	0.013
3032.69,	0
3033.72,	0.017
3054.25,	0.027
3058.06,	0.03
3058.59,	0.02
3071.41,	0.003
3077.3,	0.013
3088.48,	0.023
3089.55,	0
3107.73,	0.056
