	Measurement	Number	Measurement	type	
	30	DC	IV		
					
	Measurement	ID	SeriesID		
	740075.657240	0			
					
	MeasureMode	Bias1	Bias2		
	2	-4	4		
					
	Step	Positive	compliance	Negative	compliance
	0.02	0.1	0.1		
					
	RealMeasuredPoints				
	804				
					
Bias	Current	Resistance			
0.0000e+00	-1.6333e-09	-0.0000e+00			
-2.0000e-02	-4.3937e-08	4.5520e+05			
-4.0000e-02	-8.6705e-08	4.6133e+05			
-6.0000e-02	-1.3083e-07	4.5862e+05			
-8.0000e-02	-1.7753e-07	4.5063e+05			
-1.0000e-01	-2.2856e-07	4.3751e+05			
-1.2000e-01	-2.8410e-07	4.2239e+05			
-1.4000e-01	-3.4504e-07	4.0575e+05			
-1.6000e-01	-4.1129e-07	3.8902e+05			
-1.8000e-01	-4.8323e-07	3.7249e+05			
-2.0000e-01	-5.5865e-07	3.5801e+05			
-2.2000e-01	-6.3724e-07	3.4524e+05			
-2.4000e-01	-7.1779e-07	3.3436e+05			
-2.6000e-01	-7.9945e-07	3.2522e+05			
-2.8000e-01	-8.8258e-07	3.1725e+05			
-3.0000e-01	-9.6463e-07	3.1100e+05			
-3.2000e-01	-1.0462e-06	3.0587e+05			
-3.4000e-01	-1.1265e-06	3.0182e+05			
-3.6000e-01	-1.2098e-06	2.9756e+05			
-3.8000e-01	-1.2802e-06	2.9682e+05			
-4.0000e-01	-1.3520e-06	2.9585e+05			
-4.2000e-01	-1.4219e-06	2.9538e+05			
-4.4000e-01	-1.4882e-06	2.9566e+05			
-4.6000e-01	-1.5530e-06	2.9620e+05			
-4.8000e-01	-1.6151e-06	2.9720e+05			
-5.0000e-01	-1.6751e-06	2.9849e+05			
-5.2000e-01	-1.7338e-06	2.9992e+05			
-5.4000e-01	-1.7900e-06	3.0168e+05			
-5.6000e-01	-1.8441e-06	3.0366e+05			
-5.8000e-01	-1.8967e-06	3.0580e+05			
-6.0000e-01	-1.9471e-06	3.0815e+05			
-6.2000e-01	-1.9953e-06	3.1073e+05			
-6.4000e-01	-2.0416e-06	3.1348e+05			
-6.6000e-01	-2.0880e-06	3.1609e+05			
-6.8000e-01	-2.1355e-06	3.1843e+05			
-7.0000e-01	-2.1810e-06	3.2095e+05			
-7.2000e-01	-2.2247e-06	3.2364e+05			
-7.4000e-01	-2.2657e-06	3.2660e+05			
-7.6000e-01	-2.3056e-06	3.2963e+05			
-7.8000e-01	-2.3451e-06	3.3260e+05			
-8.0000e-01	-2.3822e-06	3.3583e+05			
-8.2000e-01	-2.4176e-06	3.3918e+05			
-8.4000e-01	-2.4521e-06	3.4257e+05			
-8.6000e-01	-2.4875e-06	3.4573e+05			
-8.8000e-01	-2.5224e-06	3.4887e+05			
-9.0000e-01	-2.5566e-06	3.5202e+05			
-9.2000e-01	-2.5895e-06	3.5528e+05			
-9.4000e-01	-2.6208e-06	3.5867e+05			
-9.6000e-01	-2.6483e-06	3.6249e+05			
-9.8000e-01	-2.6720e-06	3.6676e+05			
-1.0000e+00	-2.6931e-06	3.7132e+05			
-1.0200e+00	-2.7138e-06	3.7585e+05			
-1.0400e+00	-2.7326e-06	3.8059e+05			
-1.0600e+00	-2.7506e-06	3.8537e+05			
-1.0800e+00	-2.7698e-06	3.8993e+05			
-1.1000e+00	-2.7887e-06	3.9444e+05			
-1.1200e+00	-2.8072e-06	3.9898e+05			
-1.1400e+00	-2.8240e-06	4.0368e+05			
-1.1600e+00	-2.8412e-06	4.0827e+05			
-1.1800e+00	-2.8586e-06	4.1279e+05			
-1.2000e+00	-2.8760e-06	4.1724e+05			
-1.2200e+00	-2.8930e-06	4.2171e+05			
-1.2400e+00	-2.9090e-06	4.2626e+05			
-1.2600e+00	-2.9245e-06	4.3084e+05			
-1.2800e+00	-2.9386e-06	4.3558e+05			
-1.3000e+00	-2.9524e-06	4.4032e+05			
-1.3200e+00	-2.9657e-06	4.4508e+05			
-1.3400e+00	-2.9788e-06	4.4985e+05			
-1.3600e+00	-2.9926e-06	4.5445e+05			
-1.3800e+00	-3.0087e-06	4.5867e+05			
-1.4000e+00	-3.0257e-06	4.6270e+05			
-1.4200e+00	-3.0412e-06	4.6692e+05			
-1.4400e+00	-3.0563e-06	4.7116e+05			
-1.4600e+00	-3.0704e-06	4.7550e+05			
-1.4800e+00	-3.0836e-06	4.7996e+05			
-1.5000e+00	-3.0962e-06	4.8446e+05			
-1.5200e+00	-3.1078e-06	4.8909e+05			
-1.5400e+00	-3.1195e-06	4.9367e+05			
-1.5600e+00	-3.1311e-06	4.9822e+05			
-1.5800e+00	-3.1423e-06	5.0281e+05			
-1.6000e+00	-3.1538e-06	5.0733e+05			
-1.6200e+00	-3.1653e-06	5.1180e+05			
-1.6400e+00	-3.1755e-06	5.1645e+05			
-1.6600e+00	-3.1847e-06	5.2124e+05			
-1.6800e+00	-3.1940e-06	5.2598e+05			
-1.7000e+00	-3.2042e-06	5.3055e+05			
-1.7200e+00	-3.2143e-06	5.3511e+05			
-1.7400e+00	-3.2236e-06	5.3976e+05			
-1.7600e+00	-3.2330e-06	5.4438e+05			
-1.7800e+00	-3.2423e-06	5.4898e+05			
-1.8000e+00	-3.2514e-06	5.5361e+05			
-1.8200e+00	-3.2598e-06	5.5832e+05			
-1.8400e+00	-3.2678e-06	5.6307e+05			
-1.8600e+00	-3.2759e-06	5.6778e+05			
-1.8800e+00	-3.2846e-06	5.7237e+05			
-1.9000e+00	-3.2933e-06	5.7692e+05			
-1.9200e+00	-3.3019e-06	5.8148e+05			
-1.9400e+00	-3.3108e-06	5.8596e+05			
-1.9600e+00	-3.3192e-06	5.9050e+05			
-1.9800e+00	-3.3270e-06	5.9513e+05			
-2.0000e+00	-3.3343e-06	5.9983e+05			
-2.0200e+00	-3.3418e-06	6.0446e+05			
-2.0400e+00	-3.3497e-06	6.0902e+05			
-2.0600e+00	-3.3573e-06	6.1359e+05			
-2.0800e+00	-3.3662e-06	6.1791e+05			
-2.1000e+00	-3.3753e-06	6.2217e+05			
-2.1200e+00	-3.3833e-06	6.2661e+05			
-2.1400e+00	-3.3909e-06	6.3110e+05			
-2.1600e+00	-3.3982e-06	6.3562e+05			
-2.1800e+00	-3.4055e-06	6.4014e+05			
-2.2000e+00	-3.4125e-06	6.4468e+05			
-2.2200e+00	-3.4195e-06	6.4922e+05			
-2.2400e+00	-3.4264e-06	6.5376e+05			
-2.2600e+00	-3.4335e-06	6.5822e+05			
-2.2800e+00	-3.4403e-06	6.6273e+05			
-2.3000e+00	-3.4478e-06	6.6710e+05			
-2.3200e+00	-3.4550e-06	6.7150e+05			
-2.3400e+00	-3.4625e-06	6.7581e+05			
-2.3600e+00	-3.4703e-06	6.8005e+05			
-2.3800e+00	-3.4778e-06	6.8434e+05			
-2.4000e+00	-3.4843e-06	6.8881e+05			
-2.4200e+00	-3.4905e-06	6.9332e+05			
-2.4400e+00	-3.4961e-06	6.9791e+05			
-2.4600e+00	-3.5023e-06	7.0239e+05			
-2.4800e+00	-3.5087e-06	7.0682e+05			
-2.5000e+00	-3.5153e-06	7.1118e+05			
-2.5200e+00	-3.5221e-06	7.1548e+05			
-2.5400e+00	-3.5291e-06	7.1974e+05			
-2.5600e+00	-3.5357e-06	7.2405e+05			
-2.5800e+00	-3.5427e-06	7.2827e+05			
-2.6000e+00	-3.5497e-06	7.3246e+05			
-2.6200e+00	-3.5561e-06	7.3676e+05			
-2.6400e+00	-3.5614e-06	7.4128e+05			
-2.6600e+00	-3.5668e-06	7.4576e+05			
-2.6800e+00	-3.5725e-06	7.5018e+05			
-2.7000e+00	-3.5793e-06	7.5434e+05			
-2.7200e+00	-3.5865e-06	7.5840e+05			
-2.7400e+00	-3.5942e-06	7.6234e+05			
-2.7600e+00	-3.6018e-06	7.6627e+05			
-2.7800e+00	-3.6089e-06	7.7031e+05			
-2.8000e+00	-3.6154e-06	7.7447e+05			
-2.8200e+00	-3.6226e-06	7.7844e+05			
-2.8400e+00	-3.6298e-06	7.8242e+05			
-2.8600e+00	-3.6360e-06	7.8658e+05			
-2.8800e+00	-3.6415e-06	7.9088e+05			
-2.9000e+00	-3.6474e-06	7.9509e+05			
-2.9200e+00	-3.6534e-06	7.9926e+05			
-2.9400e+00	-3.6593e-06	8.0343e+05			
-2.9600e+00	-3.6634e-06	8.0798e+05			
-2.9800e+00	-3.6668e-06	8.1270e+05			
-3.0000e+00	-3.6698e-06	8.1747e+05			
-3.0200e+00	-3.6740e-06	8.2198e+05			
-3.0400e+00	-3.6779e-06	8.2656e+05			
-3.0600e+00	-3.6823e-06	8.3100e+05			
-3.0800e+00	-3.6875e-06	8.3524e+05			
-3.1000e+00	-3.6931e-06	8.3940e+05			
-3.1200e+00	-3.6987e-06	8.4354e+05			
-3.1400e+00	-3.7042e-06	8.4770e+05			
-3.1600e+00	-3.7087e-06	8.5204e+05			
-3.1800e+00	-3.7140e-06	8.5622e+05			
-3.2000e+00	-3.7199e-06	8.6023e+05			
-3.2200e+00	-3.7272e-06	8.6391e+05			
-3.2400e+00	-3.7363e-06	8.6717e+05			
-3.2600e+00	-3.7463e-06	8.7019e+05			
-3.2800e+00	-3.7558e-06	8.7331e+05			
-3.3000e+00	-3.7643e-06	8.7666e+05			
-3.3200e+00	-3.7711e-06	8.8038e+05			
-3.3400e+00	-3.7772e-06	8.8424e+05			
-3.3600e+00	-3.7828e-06	8.8824e+05			
-3.3800e+00	-3.7869e-06	8.9254e+05			
-3.4000e+00	-3.7906e-06	8.9695e+05			
-3.4200e+00	-3.7940e-06	9.0143e+05			
-3.4400e+00	-3.7980e-06	9.0575e+05			
-3.4600e+00	-3.8025e-06	9.0993e+05			
-3.4800e+00	-3.8074e-06	9.1401e+05			
-3.5000e+00	-3.8119e-06	9.1818e+05			
-3.5200e+00	-3.8151e-06	9.2264e+05			
-3.5400e+00	-3.8169e-06	9.2745e+05			
-3.5600e+00	-3.8178e-06	9.3248e+05			
-3.5800e+00	-3.8184e-06	9.3756e+05			
-3.6000e+00	-3.8187e-06	9.4273e+05			
-3.6200e+00	-3.8185e-06	9.4801e+05			
-3.6400e+00	-3.8202e-06	9.5283e+05			
-3.6600e+00	-3.8254e-06	9.5677e+05			
-3.6800e+00	-3.8315e-06	9.6046e+05			
-3.7000e+00	-3.8362e-06	9.6450e+05			
-3.7200e+00	-3.8382e-06	9.6919e+05			
-3.7400e+00	-3.8368e-06	9.7478e+05			
-3.7600e+00	-3.8330e-06	9.8095e+05			
-3.7800e+00	-3.8284e-06	9.8736e+05			
-3.8000e+00	-3.8253e-06	9.9338e+05			
-3.8200e+00	-3.8237e-06	9.9903e+05			
-3.8400e+00	-3.8241e-06	1.0042e+06			
-3.8600e+00	-3.8255e-06	1.0090e+06			
-3.8800e+00	-3.8273e-06	1.0138e+06			
-3.9000e+00	-3.8297e-06	1.0184e+06			
-3.9200e+00	-3.8327e-06	1.0228e+06			
-3.9400e+00	-3.8359e-06	1.0271e+06			
-3.9600e+00	-3.8389e-06	1.0315e+06			
-3.9800e+00	-3.8416e-06	1.0360e+06			
-4.0000e+00	-3.8445e-06	1.0404e+06			
-4.0000e+00	-3.8437e-06	1.0407e+06			
-3.9800e+00	-3.8393e-06	1.0367e+06			
-3.9600e+00	-3.8348e-06	1.0326e+06			
-3.9400e+00	-3.8309e-06	1.0285e+06			
-3.9200e+00	-3.8269e-06	1.0243e+06			
-3.9000e+00	-3.8229e-06	1.0202e+06			
-3.8800e+00	-3.8191e-06	1.0160e+06			
-3.8600e+00	-3.8150e-06	1.0118e+06			
-3.8400e+00	-3.8111e-06	1.0076e+06			
-3.8200e+00	-3.8073e-06	1.0033e+06			
-3.8000e+00	-3.8037e-06	9.9903e+05			
-3.7800e+00	-3.8002e-06	9.9467e+05			
-3.7600e+00	-3.7969e-06	9.9029e+05			
-3.7400e+00	-3.7934e-06	9.8592e+05			
-3.7200e+00	-3.7896e-06	9.8164e+05			
-3.7000e+00	-3.7859e-06	9.7731e+05			
-3.6800e+00	-3.7822e-06	9.7297e+05			
-3.6600e+00	-3.7787e-06	9.6859e+05			
-3.6400e+00	-3.7750e-06	9.6425e+05			
-3.6200e+00	-3.7714e-06	9.5985e+05			
-3.6000e+00	-3.7677e-06	9.5550e+05			
-3.5800e+00	-3.7638e-06	9.5116e+05			
-3.5600e+00	-3.7602e-06	9.4676e+05			
-3.5400e+00	-3.7564e-06	9.4240e+05			
-3.5200e+00	-3.7525e-06	9.3804e+05			
-3.5000e+00	-3.7487e-06	9.3366e+05			
-3.4800e+00	-3.7448e-06	9.2928e+05			
-3.4600e+00	-3.7409e-06	9.2492e+05			
-3.4400e+00	-3.7366e-06	9.2063e+05			
-3.4200e+00	-3.7324e-06	9.1630e+05			
-3.4000e+00	-3.7283e-06	9.1195e+05			
-3.3800e+00	-3.7241e-06	9.0759e+05			
-3.3600e+00	-3.7196e-06	9.0332e+05			
-3.3400e+00	-3.7151e-06	8.9904e+05			
-3.3200e+00	-3.7106e-06	8.9474e+05			
-3.3000e+00	-3.7057e-06	8.9053e+05			
-3.2800e+00	-3.7005e-06	8.8637e+05			
-3.2600e+00	-3.6948e-06	8.8232e+05			
-3.2400e+00	-3.6899e-06	8.7807e+05			
-3.2200e+00	-3.6851e-06	8.7379e+05			
-3.2000e+00	-3.6804e-06	8.6947e+05			
-3.1800e+00	-3.6757e-06	8.6514e+05			
-3.1600e+00	-3.6711e-06	8.6077e+05			
-3.1400e+00	-3.6665e-06	8.5640e+05			
-3.1200e+00	-3.6620e-06	8.5200e+05			
-3.1000e+00	-3.6571e-06	8.4766e+05			
-3.0800e+00	-3.6523e-06	8.4330e+05			
-3.0600e+00	-3.6475e-06	8.3894e+05			
-3.0400e+00	-3.6425e-06	8.3459e+05			
-3.0200e+00	-3.6373e-06	8.3027e+05			
-3.0000e+00	-3.6321e-06	8.2596e+05			
-2.9800e+00	-3.6272e-06	8.2158e+05			
-2.9600e+00	-3.6220e-06	8.1724e+05			
-2.9400e+00	-3.6166e-06	8.1292e+05			
-2.9200e+00	-3.6111e-06	8.0861e+05			
-2.9000e+00	-3.6058e-06	8.0426e+05			
-2.8800e+00	-3.6001e-06	7.9997e+05			
-2.8600e+00	-3.5950e-06	7.9556e+05			
-2.8400e+00	-3.5894e-06	7.9122e+05			
-2.8200e+00	-3.5841e-06	7.8681e+05			
-2.8000e+00	-3.5788e-06	7.8238e+05			
-2.7800e+00	-3.5735e-06	7.7795e+05			
-2.7600e+00	-3.5680e-06	7.7354e+05			
-2.7400e+00	-3.5622e-06	7.6919e+05			
-2.7200e+00	-3.5562e-06	7.6487e+05			
-2.7000e+00	-3.5505e-06	7.6046e+05			
-2.6800e+00	-3.5445e-06	7.5609e+05			
-2.6600e+00	-3.5386e-06	7.5171e+05			
-2.6400e+00	-3.5324e-06	7.4736e+05			
-2.6200e+00	-3.5263e-06	7.4299e+05			
-2.6000e+00	-3.5199e-06	7.3865e+05			
-2.5800e+00	-3.5132e-06	7.3436e+05			
-2.5600e+00	-3.5067e-06	7.3003e+05			
-2.5400e+00	-3.4999e-06	7.2574e+05			
-2.5200e+00	-3.4928e-06	7.2147e+05			
-2.5000e+00	-3.4861e-06	7.1714e+05			
-2.4800e+00	-3.4792e-06	7.1281e+05			
-2.4600e+00	-3.4719e-06	7.0854e+05			
-2.4400e+00	-3.4648e-06	7.0422e+05			
-2.4200e+00	-3.4579e-06	6.9985e+05			
-2.4000e+00	-3.4511e-06	6.9542e+05			
-2.3800e+00	-3.4448e-06	6.9089e+05			
-2.3600e+00	-3.4382e-06	6.8641e+05			
-2.3400e+00	-3.4310e-06	6.8202e+05			
-2.3200e+00	-3.4232e-06	6.7773e+05			
-2.3000e+00	-3.4152e-06	6.7346e+05			
-2.2800e+00	-3.4071e-06	6.6918e+05			
-2.2600e+00	-3.3994e-06	6.6482e+05			
-2.2400e+00	-3.3914e-06	6.6049e+05			
-2.2200e+00	-3.3832e-06	6.5618e+05			
-2.2000e+00	-3.3742e-06	6.5201e+05			
-2.1800e+00	-3.3653e-06	6.4779e+05			
-2.1600e+00	-3.3572e-06	6.4339e+05			
-2.1400e+00	-3.3493e-06	6.3895e+05			
-2.1200e+00	-3.3412e-06	6.3449e+05			
-2.1000e+00	-3.3329e-06	6.3007e+05			
-2.0800e+00	-3.3247e-06	6.2561e+05			
-2.0600e+00	-3.3164e-06	6.2115e+05			
-2.0400e+00	-3.3081e-06	6.1666e+05			
-2.0200e+00	-3.2994e-06	6.1223e+05			
-2.0000e+00	-3.2906e-06	6.0780e+05			
-1.9800e+00	-3.2819e-06	6.0331e+05			
-1.9600e+00	-3.2730e-06	5.9883e+05			
-1.9400e+00	-3.2638e-06	5.9439e+05			
-1.9200e+00	-3.2548e-06	5.8990e+05			
-1.9000e+00	-3.2453e-06	5.8546e+05			
-1.8800e+00	-3.2359e-06	5.8098e+05			
-1.8600e+00	-3.2262e-06	5.7653e+05			
-1.8400e+00	-3.2164e-06	5.7206e+05			
-1.8200e+00	-3.2066e-06	5.6759e+05			
-1.8000e+00	-3.1968e-06	5.6305e+05			
-1.7800e+00	-3.1869e-06	5.5853e+05			
-1.7600e+00	-3.1769e-06	5.5400e+05			
-1.7400e+00	-3.1668e-06	5.4945e+05			
-1.7200e+00	-3.1564e-06	5.4492e+05			
-1.7000e+00	-3.1456e-06	5.4044e+05			
-1.6800e+00	-3.1344e-06	5.3599e+05			
-1.6600e+00	-3.1233e-06	5.3149e+05			
-1.6400e+00	-3.1123e-06	5.2694e+05			
-1.6200e+00	-3.1006e-06	5.2247e+05			
-1.6000e+00	-3.0891e-06	5.1795e+05			
-1.5800e+00	-3.0771e-06	5.1347e+05			
-1.5600e+00	-3.0650e-06	5.0897e+05			
-1.5400e+00	-3.0525e-06	5.0451e+05			
-1.5200e+00	-3.0396e-06	5.0006e+05			
-1.5000e+00	-3.0265e-06	4.9562e+05			
-1.4800e+00	-3.0133e-06	4.9116e+05			
-1.4600e+00	-2.9997e-06	4.8672e+05			
-1.4400e+00	-2.9858e-06	4.8228e+05			
-1.4200e+00	-2.9715e-06	4.7787e+05			
-1.4000e+00	-2.9572e-06	4.7342e+05			
-1.3800e+00	-2.9421e-06	4.6905e+05			
-1.3600e+00	-2.9268e-06	4.6467e+05			
-1.3400e+00	-2.9113e-06	4.6027e+05			
-1.3200e+00	-2.8953e-06	4.5592e+05			
-1.3000e+00	-2.8793e-06	4.5150e+05			
-1.2800e+00	-2.8625e-06	4.4716e+05			
-1.2600e+00	-2.8454e-06	4.4282e+05			
-1.2400e+00	-2.8277e-06	4.3852e+05			
-1.2200e+00	-2.8097e-06	4.3421e+05			
-1.2000e+00	-2.7916e-06	4.2986e+05			
-1.1800e+00	-2.7729e-06	4.2555e+05			
-1.1600e+00	-2.7545e-06	4.2112e+05			
-1.1400e+00	-2.7367e-06	4.1656e+05			
-1.1200e+00	-2.7192e-06	4.1189e+05			
-1.1000e+00	-2.6999e-06	4.0742e+05			
-1.0800e+00	-2.6789e-06	4.0314e+05			
-1.0600e+00	-2.6563e-06	3.9905e+05			
-1.0400e+00	-2.6332e-06	3.9495e+05			
-1.0200e+00	-2.6096e-06	3.9086e+05			
-1.0000e+00	-2.5853e-06	3.8680e+05			
-9.8000e-01	-2.5603e-06	3.8276e+05			
-9.6000e-01	-2.5347e-06	3.7874e+05			
-9.4000e-01	-2.5079e-06	3.7481e+05			
-9.2000e-01	-2.4807e-06	3.7086e+05			
-9.0000e-01	-2.4526e-06	3.6696e+05			
-8.8000e-01	-2.4238e-06	3.6306e+05			
-8.6000e-01	-2.3943e-06	3.5918e+05			
-8.4000e-01	-2.3637e-06	3.5537e+05			
-8.2000e-01	-2.3320e-06	3.5163e+05			
-8.0000e-01	-2.2982e-06	3.4810e+05			
-7.8000e-01	-2.2628e-06	3.4471e+05			
-7.6000e-01	-2.2258e-06	3.4144e+05			
-7.4000e-01	-2.1879e-06	3.3822e+05			
-7.2000e-01	-2.1483e-06	3.3515e+05			
-7.0000e-01	-2.1070e-06	3.3222e+05			
-6.8000e-01	-2.0650e-06	3.2930e+05			
-6.6000e-01	-2.0215e-06	3.2648e+05			
-6.4000e-01	-1.9764e-06	3.2382e+05			
-6.2000e-01	-1.9292e-06	3.2138e+05			
-6.0000e-01	-1.8804e-06	3.1908e+05			
-5.8000e-01	-1.8299e-06	3.1696e+05			
-5.6000e-01	-1.7774e-06	3.1507e+05			
-5.4000e-01	-1.7232e-06	3.1337e+05			
-5.2000e-01	-1.6664e-06	3.1204e+05			
-5.0000e-01	-1.6081e-06	3.1092e+05			
-4.8000e-01	-1.5480e-06	3.1008e+05			
-4.6000e-01	-1.4855e-06	3.0967e+05			
-4.4000e-01	-1.4202e-06	3.0982e+05			
-4.2000e-01	-1.3534e-06	3.1032e+05			
-4.0000e-01	-1.2847e-06	3.1136e+05			
-3.8000e-01	-1.2141e-06	3.1298e+05			
-3.6000e-01	-1.1419e-06	3.1526e+05			
-3.4000e-01	-1.0675e-06	3.1850e+05			
-3.2000e-01	-9.9262e-07	3.2238e+05			
-3.0000e-01	-9.1685e-07	3.2721e+05			
-2.8000e-01	-8.4038e-07	3.3318e+05			
-2.6000e-01	-7.6272e-07	3.4089e+05			
-2.4000e-01	-6.8600e-07	3.4986e+05			
-2.2000e-01	-6.1015e-07	3.6057e+05			
-2.0000e-01	-5.3603e-07	3.7311e+05			
-1.8000e-01	-4.6464e-07	3.8739e+05			
-1.6000e-01	-3.9653e-07	4.0350e+05			
-1.4000e-01	-3.3381e-07	4.1940e+05			
-1.2000e-01	-2.7604e-07	4.3472e+05			
-1.0000e-01	-2.2311e-07	4.4821e+05			
-8.0000e-02	-1.7391e-07	4.6001e+05			
-6.0000e-02	-1.2838e-07	4.6738e+05			
-4.0000e-02	-8.5085e-08	4.7012e+05			
-2.0000e-02	-4.2927e-08	4.6591e+05			
0.0000e+00	-1.2910e-09	-0.0000e+00			
0.0000e+00	-1.2865e-09	-0.0000e+00			
2.0000e-02	4.0940e-08	4.8852e+05			
4.0000e-02	8.3583e-08	4.7857e+05			
6.0000e-02	1.2786e-07	4.6926e+05			
8.0000e-02	1.7494e-07	4.5729e+05			
1.0000e-01	2.2585e-07	4.4276e+05			
1.2000e-01	2.8138e-07	4.2646e+05			
1.4000e-01	3.4240e-07	4.0888e+05			
1.6000e-01	4.0729e-07	3.9284e+05			
1.8000e-01	4.7627e-07	3.7794e+05			
2.0000e-01	5.4828e-07	3.6478e+05			
2.2000e-01	6.2250e-07	3.5341e+05			
2.4000e-01	6.9815e-07	3.4376e+05			
2.6000e-01	7.7514e-07	3.3542e+05			
2.8000e-01	8.5171e-07	3.2875e+05			
3.0000e-01	9.2787e-07	3.2332e+05			
3.2000e-01	1.0033e-06	3.1894e+05			
3.4000e-01	1.0775e-06	3.1555e+05			
3.6000e-01	1.1500e-06	3.1304e+05			
3.8000e-01	1.2206e-06	3.1132e+05			
4.0000e-01	1.2893e-06	3.1024e+05			
4.2000e-01	1.3563e-06	3.0967e+05			
4.4000e-01	1.4215e-06	3.0954e+05			
4.6000e-01	1.4848e-06	3.0981e+05			
4.8000e-01	1.5459e-06	3.1050e+05			
5.0000e-01	1.6057e-06	3.1139e+05			
5.2000e-01	1.6630e-06	3.1269e+05			
5.4000e-01	1.7180e-06	3.1433e+05			
5.6000e-01	1.7712e-06	3.1617e+05			
5.8000e-01	1.8225e-06	3.1824e+05			
6.0000e-01	1.8724e-06	3.2045e+05			
6.2000e-01	1.9209e-06	3.2277e+05			
6.4000e-01	1.9679e-06	3.2522e+05			
6.6000e-01	2.0130e-06	3.2787e+05			
6.8000e-01	2.0565e-06	3.3065e+05			
7.0000e-01	2.0982e-06	3.3361e+05			
7.2000e-01	2.1387e-06	3.3665e+05			
7.4000e-01	2.1781e-06	3.3975e+05			
7.6000e-01	2.2155e-06	3.4303e+05			
7.8000e-01	2.2519e-06	3.4638e+05			
8.0000e-01	2.2871e-06	3.4979e+05			
8.2000e-01	2.3207e-06	3.5334e+05			
8.4000e-01	2.3538e-06	3.5688e+05			
8.6000e-01	2.3851e-06	3.6057e+05			
8.8000e-01	2.4152e-06	3.6437e+05			
9.0000e-01	2.4442e-06	3.6822e+05			
9.2000e-01	2.4727e-06	3.7206e+05			
9.4000e-01	2.5002e-06	3.7597e+05			
9.6000e-01	2.5272e-06	3.7987e+05			
9.8000e-01	2.5534e-06	3.8380e+05			
1.0000e+00	2.5789e-06	3.8776e+05			
1.0200e+00	2.6039e-06	3.9171e+05			
1.0400e+00	2.6281e-06	3.9572e+05			
1.0600e+00	2.6520e-06	3.9970e+05			
1.0800e+00	2.6751e-06	4.0372e+05			
1.1000e+00	2.6982e-06	4.0769e+05			
1.1200e+00	2.7204e-06	4.1170e+05			
1.1400e+00	2.7421e-06	4.1574e+05			
1.1600e+00	2.7632e-06	4.1980e+05			
1.1800e+00	2.7837e-06	4.2390e+05			
1.2000e+00	2.8042e-06	4.2792e+05			
1.2200e+00	2.8238e-06	4.3205e+05			
1.2400e+00	2.8427e-06	4.3620e+05			
1.2600e+00	2.8613e-06	4.4035e+05			
1.2800e+00	2.8795e-06	4.4453e+05			
1.3000e+00	2.8969e-06	4.4875e+05			
1.3200e+00	2.9142e-06	4.5296e+05			
1.3400e+00	2.9308e-06	4.5722e+05			
1.3600e+00	2.9471e-06	4.6147e+05			
1.3800e+00	2.9632e-06	4.6572e+05			
1.4000e+00	2.9787e-06	4.7000e+05			
1.4200e+00	2.9937e-06	4.7433e+05			
1.4400e+00	3.0086e-06	4.7863e+05			
1.4600e+00	3.0233e-06	4.8292e+05			
1.4800e+00	3.0376e-06	4.8723e+05			
1.5000e+00	3.0515e-06	4.9157e+05			
1.5200e+00	3.0652e-06	4.9589e+05			
1.5400e+00	3.0789e-06	5.0018e+05			
1.5600e+00	3.0924e-06	5.0447e+05			
1.5800e+00	3.1054e-06	5.0878e+05			
1.6000e+00	3.1184e-06	5.1309e+05			
1.6200e+00	3.1309e-06	5.1741e+05			
1.6400e+00	3.1435e-06	5.2171e+05			
1.6600e+00	3.1559e-06	5.2600e+05			
1.6800e+00	3.1678e-06	5.3034e+05			
1.7000e+00	3.1796e-06	5.3465e+05			
1.7200e+00	3.1914e-06	5.3895e+05			
1.7400e+00	3.2029e-06	5.4326e+05			
1.7600e+00	3.2140e-06	5.4760e+05			
1.7800e+00	3.2252e-06	5.5190e+05			
1.8000e+00	3.2364e-06	5.5617e+05			
1.8200e+00	3.2475e-06	5.6043e+05			
1.8400e+00	3.2584e-06	5.6470e+05			
1.8600e+00	3.2695e-06	5.6889e+05			
1.8800e+00	3.2803e-06	5.7312e+05			
1.9000e+00	3.2913e-06	5.7727e+05			
1.9200e+00	3.3021e-06	5.8146e+05			
1.9400e+00	3.3123e-06	5.8569e+05			
1.9600e+00	3.3227e-06	5.8988e+05			
1.9800e+00	3.3330e-06	5.9406e+05			
2.0000e+00	3.3431e-06	5.9825e+05			
2.0200e+00	3.3530e-06	6.0245e+05			
2.0400e+00	3.3623e-06	6.0672e+05			
2.0600e+00	3.3716e-06	6.1098e+05			
2.0800e+00	3.3809e-06	6.1522e+05			
2.1000e+00	3.3900e-06	6.1948e+05			
2.1200e+00	3.3988e-06	6.2374e+05			
2.1400e+00	3.4075e-06	6.2803e+05			
2.1600e+00	3.4158e-06	6.3235e+05			
2.1800e+00	3.4238e-06	6.3672e+05			
2.2000e+00	3.4316e-06	6.4110e+05			
2.2200e+00	3.4392e-06	6.4550e+05			
2.2400e+00	3.4469e-06	6.4986e+05			
2.2600e+00	3.4547e-06	6.5418e+05			
2.2800e+00	3.4627e-06	6.5844e+05			
2.3000e+00	3.4697e-06	6.6289e+05			
2.3200e+00	3.4764e-06	6.6736e+05			
2.3400e+00	3.4832e-06	6.7180e+05			
2.3600e+00	3.4899e-06	6.7624e+05			
2.3800e+00	3.4965e-06	6.8068e+05			
2.4000e+00	3.5031e-06	6.8511e+05			
2.4200e+00	3.5098e-06	6.8949e+05			
2.4400e+00	3.5165e-06	6.9387e+05			
2.4600e+00	3.5230e-06	6.9826e+05			
2.4800e+00	3.5294e-06	7.0267e+05			
2.5000e+00	3.5358e-06	7.0705e+05			
2.5200e+00	3.5424e-06	7.1138e+05			
2.5400e+00	3.5488e-06	7.1573e+05			
2.5600e+00	3.5552e-06	7.2007e+05			
2.5800e+00	3.5616e-06	7.2439e+05			
2.6000e+00	3.5681e-06	7.2869e+05			
2.6200e+00	3.5746e-06	7.3295e+05			
2.6400e+00	3.5809e-06	7.3724e+05			
2.6600e+00	3.5873e-06	7.4150e+05			
2.6800e+00	3.5936e-06	7.4578e+05			
2.7000e+00	3.5992e-06	7.5016e+05			
2.7200e+00	3.6052e-06	7.5447e+05			
2.7400e+00	3.6107e-06	7.5885e+05			
2.7600e+00	3.6170e-06	7.6306e+05			
2.7800e+00	3.6227e-06	7.6739e+05			
2.8000e+00	3.6281e-06	7.7175e+05			
2.8200e+00	3.6333e-06	7.7615e+05			
2.8400e+00	3.6390e-06	7.8043e+05			
2.8600e+00	3.6445e-06	7.8474e+05			
2.8800e+00	3.6498e-06	7.8908e+05			
2.9000e+00	3.6552e-06	7.9340e+05			
2.9200e+00	3.6605e-06	7.9770e+05			
2.9400e+00	3.6661e-06	8.0195e+05			
2.9600e+00	3.6714e-06	8.0622e+05			
2.9800e+00	3.6766e-06	8.1052e+05			
3.0000e+00	3.6817e-06	8.1484e+05			
3.0200e+00	3.6871e-06	8.1907e+05			
3.0400e+00	3.6927e-06	8.2324e+05			
3.0600e+00	3.6988e-06	8.2728e+05			
3.0800e+00	3.7046e-06	8.3141e+05			
3.1000e+00	3.7104e-06	8.3548e+05			
3.1200e+00	3.7162e-06	8.3957e+05			
3.1400e+00	3.7217e-06	8.4370e+05			
3.1600e+00	3.7272e-06	8.4782e+05			
3.1800e+00	3.7325e-06	8.5198e+05			
3.2000e+00	3.7375e-06	8.5619e+05			
3.2200e+00	3.7426e-06	8.6036e+05			
3.2400e+00	3.7477e-06	8.6453e+05			
3.2600e+00	3.7523e-06	8.6879e+05			
3.2800e+00	3.7569e-06	8.7306e+05			
3.3000e+00	3.7617e-06	8.7726e+05			
3.3200e+00	3.7663e-06	8.8150e+05			
3.3400e+00	3.7710e-06	8.8571e+05			
3.3600e+00	3.7753e-06	8.8999e+05			
3.3800e+00	3.7799e-06	8.9420e+05			
3.4000e+00	3.7847e-06	8.9834e+05			
3.4200e+00	3.7889e-06	9.0263e+05			
3.4400e+00	3.7922e-06	9.0712e+05			
3.4600e+00	3.7953e-06	9.1164e+05			
3.4800e+00	3.7986e-06	9.1613e+05			
3.5000e+00	3.8016e-06	9.2067e+05			
3.5200e+00	3.8040e-06	9.2534e+05			
3.5400e+00	3.8060e-06	9.3010e+05			
3.5600e+00	3.8081e-06	9.3485e+05			
3.5800e+00	3.8109e-06	9.3942e+05			
3.6000e+00	3.8141e-06	9.4387e+05			
3.6200e+00	3.8169e-06	9.4842e+05			
3.6400e+00	3.8202e-06	9.5282e+05			
3.6600e+00	3.8238e-06	9.5716e+05			
3.6800e+00	3.8273e-06	9.6152e+05			
3.7000e+00	3.8301e-06	9.6603e+05			
3.7200e+00	3.8328e-06	9.7057e+05			
3.7400e+00	3.8357e-06	9.7505e+05			
3.7600e+00	3.8386e-06	9.7952e+05			
3.7800e+00	3.8410e-06	9.8411e+05			
3.8000e+00	3.8433e-06	9.8874e+05			
3.8200e+00	3.8450e-06	9.9350e+05			
3.8400e+00	3.8471e-06	9.9815e+05			
3.8600e+00	3.8495e-06	1.0027e+06			
3.8800e+00	3.8516e-06	1.0074e+06			
3.9000e+00	3.8534e-06	1.0121e+06			
3.9200e+00	3.8546e-06	1.0170e+06			
3.9400e+00	3.8559e-06	1.0218e+06			
3.9600e+00	3.8570e-06	1.0267e+06			
3.9800e+00	3.8579e-06	1.0317e+06			
4.0000e+00	3.8590e-06	1.0365e+06			
4.0000e+00	3.8563e-06	1.0373e+06			
3.9800e+00	3.8506e-06	1.0336e+06			
3.9600e+00	3.8445e-06	1.0301e+06			
3.9400e+00	3.8384e-06	1.0265e+06			
3.9200e+00	3.8325e-06	1.0228e+06			
3.9000e+00	3.8270e-06	1.0191e+06			
3.8800e+00	3.8223e-06	1.0151e+06			
3.8600e+00	3.8177e-06	1.0111e+06			
3.8400e+00	3.8133e-06	1.0070e+06			
3.8200e+00	3.8088e-06	1.0029e+06			
3.8000e+00	3.8043e-06	9.9888e+05			
3.7800e+00	3.7995e-06	9.9486e+05			
3.7600e+00	3.7949e-06	9.9079e+05			
3.7400e+00	3.7907e-06	9.8663e+05			
3.7200e+00	3.7865e-06	9.8245e+05			
3.7000e+00	3.7828e-06	9.7810e+05			
3.6800e+00	3.7795e-06	9.7367e+05			
3.6600e+00	3.7767e-06	9.6910e+05			
3.6400e+00	3.7742e-06	9.6444e+05			
3.6200e+00	3.7724e-06	9.5959e+05			
3.6000e+00	3.7710e-06	9.5465e+05			
3.5800e+00	3.7698e-06	9.4966e+05			
3.5600e+00	3.7687e-06	9.4461e+05			
3.5400e+00	3.7678e-06	9.3953e+05			
3.5200e+00	3.7666e-06	9.3454e+05			
3.5000e+00	3.7647e-06	9.2969e+05			
3.4800e+00	3.7628e-06	9.2485e+05			
3.4600e+00	3.7601e-06	9.2019e+05			
3.4400e+00	3.7572e-06	9.1558e+05			
3.4200e+00	3.7538e-06	9.1106e+05			
3.4000e+00	3.7506e-06	9.0652e+05			
3.3800e+00	3.7466e-06	9.0215e+05			
3.3600e+00	3.7421e-06	8.9788e+05			
3.3400e+00	3.7377e-06	8.9359e+05			
3.3200e+00	3.7329e-06	8.8939e+05			
3.3000e+00	3.7280e-06	8.8519e+05			
3.2800e+00	3.7230e-06	8.8102e+05			
3.2600e+00	3.7178e-06	8.7687e+05			
3.2400e+00	3.7128e-06	8.7266e+05			
3.2200e+00	3.7076e-06	8.6848e+05			
3.2000e+00	3.7021e-06	8.6437e+05			
3.1800e+00	3.6967e-06	8.6023e+05			
3.1600e+00	3.6913e-06	8.5606e+05			
3.1400e+00	3.6855e-06	8.5198e+05			
3.1200e+00	3.6799e-06	8.4784e+05			
3.1000e+00	3.6740e-06	8.4376e+05			
3.0800e+00	3.6685e-06	8.3958e+05			
3.0600e+00	3.6628e-06	8.3542e+05			
3.0400e+00	3.6572e-06	8.3123e+05			
3.0200e+00	3.6515e-06	8.2706e+05			
3.0000e+00	3.6457e-06	8.2288e+05			
2.9800e+00	3.6398e-06	8.1872e+05			
2.9600e+00	3.6340e-06	8.1452e+05			
2.9400e+00	3.6281e-06	8.1034e+05			
2.9200e+00	3.6226e-06	8.0605e+05			
2.9000e+00	3.6168e-06	8.0182e+05			
2.8800e+00	3.6110e-06	7.9757e+05			
2.8600e+00	3.6055e-06	7.9324e+05			
2.8400e+00	3.6005e-06	7.8879e+05			
2.8200e+00	3.5952e-06	7.8438e+05			
2.8000e+00	3.5896e-06	7.8003e+05			
2.7800e+00	3.5838e-06	7.7570e+05			
2.7600e+00	3.5779e-06	7.7139e+05			
2.7400e+00	3.5723e-06	7.6701e+05			
2.7200e+00	3.5668e-06	7.6259e+05			
2.7000e+00	3.5618e-06	7.5805e+05			
2.6800e+00	3.5567e-06	7.5350e+05			
2.6600e+00	3.5516e-06	7.4896e+05			
2.6400e+00	3.5463e-06	7.4444e+05			
2.6200e+00	3.5409e-06	7.3993e+05			
2.6000e+00	3.5351e-06	7.3548e+05			
2.5800e+00	3.5294e-06	7.3100e+05			
2.5600e+00	3.5237e-06	7.2650e+05			
2.5400e+00	3.5175e-06	7.2211e+05			
2.5200e+00	3.5112e-06	7.1771e+05			
2.5000e+00	3.5046e-06	7.1334e+05			
2.4800e+00	3.4985e-06	7.0887e+05			
2.4600e+00	3.4923e-06	7.0440e+05			
2.4400e+00	3.4862e-06	6.9990e+05			
2.4200e+00	3.4797e-06	6.9546e+05			
2.4000e+00	3.4730e-06	6.9104e+05			
2.3800e+00	3.4661e-06	6.8665e+05			
2.3600e+00	3.4588e-06	6.8232e+05			
2.3400e+00	3.4520e-06	6.7787e+05			
2.3200e+00	3.4447e-06	6.7351e+05			
2.3000e+00	3.4375e-06	6.6909e+05			
2.2800e+00	3.4304e-06	6.6464e+05			
2.2600e+00	3.4232e-06	6.6019e+05			
2.2400e+00	3.4156e-06	6.5580e+05			
2.2200e+00	3.4078e-06	6.5144e+05			
2.2000e+00	3.3995e-06	6.4716e+05			
2.1800e+00	3.3908e-06	6.4292e+05			
2.1600e+00	3.3824e-06	6.3861e+05			
2.1400e+00	3.3737e-06	6.3431e+05			
2.1200e+00	3.3651e-06	6.2999e+05			
2.1000e+00	3.3565e-06	6.2565e+05			
2.0800e+00	3.3481e-06	6.2125e+05			
2.0600e+00	3.3396e-06	6.1683e+05			
2.0400e+00	3.3313e-06	6.1237e+05			
2.0200e+00	3.3227e-06	6.0795e+05			
2.0000e+00	3.3141e-06	6.0349e+05			
1.9800e+00	3.3059e-06	5.9893e+05			
1.9600e+00	3.2979e-06	5.9432e+05			
1.9400e+00	3.2897e-06	5.8972e+05			
1.9200e+00	3.2814e-06	5.8511e+05			
1.9000e+00	3.2730e-06	5.8050e+05			
1.8800e+00	3.2645e-06	5.7589e+05			
1.8600e+00	3.2556e-06	5.7131e+05			
1.8400e+00	3.2467e-06	5.6673e+05			
1.8200e+00	3.2372e-06	5.6222e+05			
1.8000e+00	3.2275e-06	5.5771e+05			
1.7800e+00	3.2174e-06	5.5324e+05			
1.7600e+00	3.2068e-06	5.4883e+05			
1.7400e+00	3.1964e-06	5.4436e+05			
1.7200e+00	3.1857e-06	5.3991e+05			
1.7000e+00	3.1746e-06	5.3550e+05			
1.6800e+00	3.1633e-06	5.3110e+05			
1.6600e+00	3.1517e-06	5.2670e+05			
1.6400e+00	3.1397e-06	5.2234e+05			
1.6200e+00	3.1276e-06	5.1797e+05			
1.6000e+00	3.1152e-06	5.1361e+05			
1.5800e+00	3.1027e-06	5.0924e+05			
1.5600e+00	3.0899e-06	5.0487e+05			
1.5400e+00	3.0770e-06	5.0048e+05			
1.5200e+00	3.0639e-06	4.9610e+05			
1.5000e+00	3.0501e-06	4.9179e+05			
1.4800e+00	3.0365e-06	4.8741e+05			
1.4600e+00	3.0224e-06	4.8306e+05			
1.4400e+00	3.0078e-06	4.7875e+05			
1.4200e+00	2.9929e-06	4.7445e+05			
1.4000e+00	2.9778e-06	4.7014e+05			
1.3800e+00	2.9625e-06	4.6583e+05			
1.3600e+00	2.9464e-06	4.6157e+05			
1.3400e+00	2.9302e-06	4.5731e+05			
1.3200e+00	2.9136e-06	4.5305e+05			
1.3000e+00	2.8969e-06	4.4876e+05			
1.2800e+00	2.8798e-06	4.4448e+05			
1.2600e+00	2.8625e-06	4.4018e+05			
1.2400e+00	2.8449e-06	4.3587e+05			
1.2200e+00	2.8270e-06	4.3156e+05			
1.2000e+00	2.8086e-06	4.2726e+05			
1.1800e+00	2.7899e-06	4.2296e+05			
1.1600e+00	2.7709e-06	4.1864e+05			
1.1400e+00	2.7516e-06	4.1430e+05			
1.1200e+00	2.7312e-06	4.1007e+05			
1.1000e+00	2.7103e-06	4.0586e+05			
1.0800e+00	2.6887e-06	4.0168e+05			
1.0600e+00	2.6666e-06	3.9752e+05			
1.0400e+00	2.6435e-06	3.9341e+05			
1.0200e+00	2.6192e-06	3.8942e+05			
1.0000e+00	2.5934e-06	3.8559e+05			
9.8000e-01	2.5578e-06	3.8314e+05			
9.6000e-01	2.5288e-06	3.7962e+05			
9.4000e-01	2.4997e-06	3.7605e+05			
9.2000e-01	2.4706e-06	3.7239e+05			
9.0000e-01	2.4418e-06	3.6859e+05			
8.8000e-01	2.4123e-06	3.6480e+05			
8.6000e-01	2.3806e-06	3.6125e+05			
8.4000e-01	2.3474e-06	3.5784e+05			
8.2000e-01	2.3132e-06	3.5449e+05			
8.0000e-01	2.2778e-06	3.5122e+05			
7.8000e-01	2.2420e-06	3.4790e+05			
7.6000e-01	2.2049e-06	3.4468e+05			
7.4000e-01	2.1668e-06	3.4153e+05			
7.2000e-01	2.1269e-06	3.3851e+05			
7.0000e-01	2.0863e-06	3.3552e+05			
6.8000e-01	2.0442e-06	3.3265e+05			
6.6000e-01	2.0003e-06	3.2996e+05			
6.4000e-01	1.9550e-06	3.2737e+05			
6.2000e-01	1.9081e-06	3.2493e+05			
6.0000e-01	1.8593e-06	3.2271e+05			
5.8000e-01	1.8093e-06	3.2057e+05			
5.6000e-01	1.7575e-06	3.1863e+05			
5.4000e-01	1.7039e-06	3.1692e+05			
5.2000e-01	1.6485e-06	3.1543e+05			
5.0000e-01	1.5913e-06	3.1420e+05			
4.8000e-01	1.5319e-06	3.1334e+05			
4.6000e-01	1.4709e-06	3.1273e+05			
4.4000e-01	1.4080e-06	3.1250e+05			
4.2000e-01	1.3433e-06	3.1266e+05			
4.0000e-01	1.2767e-06	3.1330e+05			
3.8000e-01	1.2083e-06	3.1450e+05			
3.6000e-01	1.1371e-06	3.1658e+05			
3.4000e-01	1.0649e-06	3.1929e+05			
3.2000e-01	9.9150e-07	3.2274e+05			
3.0000e-01	9.1655e-07	3.2732e+05			
2.8000e-01	8.4065e-07	3.3308e+05			
2.6000e-01	7.6447e-07	3.4011e+05			
2.4000e-01	6.8791e-07	3.4888e+05			
2.2000e-01	6.1282e-07	3.5900e+05			
2.0000e-01	5.3940e-07	3.7078e+05			
1.8000e-01	4.6842e-07	3.8427e+05			
1.6000e-01	4.0059e-07	3.9941e+05			
1.4000e-01	3.3678e-07	4.1570e+05			
1.2000e-01	2.7695e-07	4.3329e+05			
1.0000e-01	2.2237e-07	4.4970e+05			
8.0000e-02	1.7234e-07	4.6420e+05			
6.0000e-02	1.2591e-07	4.7653e+05			
4.0000e-02	8.2106e-08	4.8717e+05			
2.0000e-02	3.9872e-08	5.0161e+05			
0.0000e+00	-2.0053e-09	-0.0000e+00			
